0   1   6   9   17  24  32  35  39  43  4   2   11  13  17  25  30  35  41  43  5   2   8   14  17  21  26  30  39  42  10  11  17  20  25  23  29  34  40  47  11  14  17  20  28  31  33  34  40  45  17  21  21  27  27  36  37  36  38  45  21  23  22  25  32  36  41  41  40  40  23  24  24  27  27  32  40  40  40  40  27  27  26  27  27  30  39  41  42  43  30  35  31  31  31  32  36  38  46  43 
1   0   5   8   16  23  31  34  38  42  5   1   10  12  16  24  29  34  40  42  6   1   7   13  16  20  25  29  38  41  11  10  16  19  24  22  28  33  39  46  12  15  16  19  27  30  32  33  39  44  18  22  20  26  26  35  36  35  37  44  22  24  21  24  31  35  40  40  39  39  24  25  23  26  26  31  39  39  39  39  26  26  25  26  26  29  38  40  41  42  29  34  30  30  30  31  35  37  45  42 
6   5   0   3   11  18  26  29  33  39  10  6   7   7   11  19  24  29  37  39  11  6   11  16  14  18  23  27  36  39  16  15  20  22  22  20  26  31  37  44  17  20  20  23  28  28  30  31  37  43  23  27  24  29  29  37  34  33  35  43  27  29  25  28  34  38  42  39  38  38  29  30  27  30  30  35  38  38  38  38  30  30  29  30  30  33  42  44  40  41  33  38  34  34  34  35  39  41  47  41 
9   8   3   0   8   15  23  26  30  36  13  9   6   4   8   16  21  26  34  36  14  9   10  13  11  15  20  24  33  36  19  18  19  19  19  17  23  28  34  41  20  23  19  22  25  25  27  28  34  40  26  26  23  26  26  34  31  30  32  40  30  28  24  27  31  35  39  36  35  35  32  29  26  29  29  34  35  35  35  35  29  29  28  29  29  32  41  41  37  38  32  37  33  33  33  34  38  40  44  38 
17  16  11  8   0   7   15  18  22  28  21  15  6   4   0   8   13  18  26  28  22  15  10  6   3   7   12  16  25  28  27  24  18  12  11  9   15  20  26  33  28  25  18  15  17  17  19  20  26  32  29  25  22  18  18  26  23  22  24  32  29  27  23  26  23  27  31  28  27  27  31  28  25  28  28  32  27  27  27  27  28  28  27  28  28  31  35  33  29  30  31  36  32  32  32  33  37  36  36  30 
24  23  18  15  7   0   8   11  15  21  28  22  13  11  7   1   6   11  19  21  29  22  17  13  10  10  12  16  21  22  34  31  25  19  14  12  15  20  26  27  35  32  25  22  20  20  19  20  26  32  34  30  27  21  21  29  23  22  24  32  34  32  28  29  26  30  31  28  27  27  36  33  30  31  33  35  27  27  27  27  33  33  32  33  33  36  35  33  29  30  36  41  37  37  37  38  38  36  36  30 
32  31  26  23  15  8   0   3   7   13  36  30  21  19  15  9   8   12  13  13  37  30  25  21  18  18  14  18  15  14  42  39  33  27  22  20  17  22  20  19  43  40  33  30  28  28  21  22  26  28  42  38  35  29  29  31  25  24  26  28  42  40  36  37  34  35  33  30  29  29  44  41  38  39  41  37  29  29  29  29  41  41  40  41  41  42  37  35  31  32  44  49  45  45  45  44  40  38  38  32 
35  34  29  26  18  11  3   0   4   10  39  33  24  22  18  12  11  9   10  10  40  33  28  24  21  21  17  17  12  11  45  42  36  30  25  23  20  21  17  16  46  43  36  33  31  31  24  21  23  25  45  41  38  32  32  30  24  23  25  25  45  43  39  40  37  34  32  29  28  28  47  44  41  42  41  36  28  28  28  28  43  43  42  41  41  41  36  34  30  31  46  51  47  44  44  43  39  37  37  31 
39  38  33  30  22  15  7   4   0   6   43  37  28  26  22  16  15  13  6   6   44  37  32  28  25  25  21  17  8   7   49  46  40  34  29  27  24  19  13  12  50  47  40  37  35  33  26  19  19  21  49  45  42  36  36  28  22  21  22  21  46  47  43  42  36  32  30  26  25  25  44  47  41  40  38  33  25  25  25  25  40  40  39  38  38  38  33  31  27  28  43  48  44  41  41  40  36  34  34  28 
43  42  39  36  28  21  13  10  6   0   47  41  34  32  28  20  15  10  2   0   48  41  35  29  26  22  17  13  4   1   51  47  40  34  26  24  20  15  9   6   50  47  40  37  32  29  22  15  15  15  45  42  39  33  33  24  18  17  18  15  41  43  38  37  32  28  26  21  20  20  39  42  36  35  33  28  20  20  20  20  35  35  34  33  33  33  28  26  22  23  38  43  39  36  36  35  31  29  29  23 
4   5   10  13  21  28  36  39  43  47  0   6   15  17  21  29  34  39  45  47  1   6   12  18  21  25  30  34  43  46  6   12  17  23  29  27  33  38  44  51  7   10  17  20  27  31  37  38  44  43  13  17  20  26  26  35  41  40  41  43  17  19  21  24  31  35  40  39  38  38  19  20  23  26  25  30  38  38  38  38  23  23  24  25  25  28  37  39  40  41  26  31  29  29  29  30  34  36  44  41 
2   1   6   9   15  22  30  33  37  41  6   0   9   11  15  23  28  33  39  41  7   0   6   12  15  19  24  28  37  40  12  9   15  18  23  21  27  32  38  45  13  16  15  18  26  29  31  32  38  43  19  22  19  25  25  34  35  34  36  43  23  24  20  23  30  34  39  39  38  38  25  25  22  25  25  30  38  38  38  38  25  25  24  25  25  28  37  39  40  41  28  33  29  29  29  30  34  36  44  41 
11  10  7   6   6   13  21  24  28  34  15  9   0   2   6   14  19  24  32  34  16  9   4   10  9   13  18  22  31  34  21  18  13  16  17  15  21  26  32  39  22  20  13  16  23  23  25  26  32  38  24  20  17  23  23  32  29  28  30  38  24  22  18  21  28  32  37  34  33  33  26  23  20  23  23  28  33  33  33  33  23  23  22  23  23  26  35  37  35  36  26  31  27  27  27  28  32  34  42  36 
13  12  7   4   4   11  19  22  26  32  17  11  2   0   4   12  17  22  30  32  18  11  6   9   7   11  16  20  29  32  23  20  15  15  15  13  19  24  30  37  24  22  15  18  21  21  23  24  30  36  26  22  19  22  22  30  27  26  28  36  26  24  20  23  27  31  35  32  31  31  28  25  22  25  25  30  31  31  31  31  25  25  24  25  25  28  37  37  33  34  28  33  29  29  29  30  34  36  40  34 
17  16  11  8   0   7   15  18  22  28  21  15  6   4   0   8   13  18  26  28  22  15  10  6   3   7   12  16  25  28  27  24  18  12  11  9   15  20  26  33  28  25  18  15  17  17  19  20  26  32  29  25  22  18  18  26  23  22  24  32  29  27  23  26  23  27  31  28  27  27  31  28  25  28  28  32  27  27  27  27  28  28  27  28  28  31  35  33  29  30  31  36  32  32  32  33  37  36  36  30 
25  24  19  16  8   1   9   12  16  20  29  23  14  12  8   0   5   10  18  20  30  23  18  14  11  9   11  15  20  21  35  32  26  20  13  11  14  19  25  26  36  33  26  23  19  19  18  19  25  31  33  29  26  20  20  28  22  21  23  31  33  31  27  28  25  29  30  27  26  26  35  32  29  30  32  34  26  26  26  26  32  32  31  32  32  35  34  32  28  29  35  40  36  36  36  37  37  35  35  29 
30  29  24  21  13  6   8   11  15  15  34  28  19  17  13  5   0   5   13  15  35  28  23  18  15  11  6   10  15  16  40  36  29  23  15  13  9   14  20  21  39  36  29  26  21  20  13  14  20  26  35  31  28  22  22  23  17  16  18  26  35  33  29  30  27  27  25  22  21  21  37  34  31  32  34  29  21  21  21  21  34  34  33  34  34  34  29  27  23  24  37  42  38  37  37  36  32  30  30  24 
35  34  29  26  18  11  12  9   13  10  39  33  24  22  18  10  5   0   8   10  40  33  28  23  20  16  11  8   10  11  45  41  34  28  20  18  14  12  15  16  44  41  34  31  26  25  18  12  18  24  40  36  33  27  27  21  15  14  16  24  40  38  34  35  29  25  23  20  19  19  38  39  35  34  32  27  19  19  19  19  34  34  33  32  32  32  27  25  21  22  37  42  38  35  35  34  30  28  28  22 
41  40  37  34  26  19  13  10  6   2   45  39  32  30  26  18  13  8   0   2   46  39  33  27  24  20  15  11  2   3   49  45  38  32  24  22  18  13  7   8   48  45  38  35  30  27  20  13  13  17  44  40  37  31  31  22  16  15  16  17  40  42  37  36  30  26  24  20  19  19  38  41  35  34  32  27  19  19  19  19  34  34  33  32  32  32  27  25  21  22  37  42  38  35  35  34  30  28  28  22 
43  42  39  36  28  21  13  10  6   0   47  41  34  32  28  20  15  10  2   0   48  41  35  29  26  22  17  13  4   1   51  47  40  34  26  24  20  15  9   6   50  47  40  37  32  29  22  15  15  15  45  42  39  33  33  24  18  17  18  15  41  43  38  37  32  28  26  21  20  20  39  42  36  35  33  28  20  20  20  20  35  35  34  33  33  33  28  26  22  23  38  43  39  36  36  35  31  29  29  23 
5   6   11  14  22  29  37  40  44  48  1   7   16  18  22  30  35  40  46  48  0   7   13  19  22  26  31  35  44  47  5   11  16  22  30  28  34  39  45  51  6   9   16  19  26  30  37  39  43  42  12  16  19  25  25  34  40  41  40  42  16  18  20  23  30  34  39  38  37  37  18  19  22  25  24  29  37  37  37  37  22  22  23  24  24  27  36  38  39  40  25  30  28  28  28  29  33  35  43  40 
2   1   6   9   15  22  30  33  37  41  6   0   9   11  15  23  28  33  39  41  7   0   6   12  15  19  24  28  37  40  12  9   15  18  23  21  27  32  38  45  13  16  15  18  26  29  31  32  38  43  19  22  19  25  25  34  35  34  36  43  23  24  20  23  30  34  39  39  38  38  25  25  22  25  25  30  38  38  38  38  25  25  24  25  25  28  37  39  40  41  28  33  29  29  29  30  34  36  44  41 
8   7   11  10  10  17  25  28  32  35  12  6   4   6   10  18  23  28  33  35  13  6   0   6   9   13  18  22  31  34  18  15  9   12  17  15  21  26  32  39  19  16  9   12  20  23  25  26  32  37  20  16  13  19  19  28  29  28  30  37  20  18  14  17  24  28  33  33  32  32  22  19  16  19  19  24  32  32  32  32  19  19  18  19  19  22  31  33  34  35  22  27  23  23  23  24  28  30  38  35 
14  13  16  13  6   13  21  24  28  29  18  12  10  9   6   14  18  23  27  29  19  12  6   0   3   7   12  16  25  28  23  19  12  6   11  9   15  20  26  33  22  19  12  9   17  17  19  20  26  32  23  19  16  17  17  26  23  22  24  32  23  21  17  20  22  26  31  28  27  27  25  22  19  22  22  27  27  27  27  27  22  22  21  22  22  25  34  33  29  30  25  30  26  26  26  27  31  33  36  30 
17  16  14  11  3   10  18  21  25  26  21  15  9   7   3   11  15  20  24  26  22  15  9   3   0   4   9   13  22  25  26  22  15  9   8   6   12  17  23  30  25  22  15  12  14  14  16  17  23  29  26  22  19  15  15  23  20  19  21  29  26  24  20  23  20  24  28  25  24  24  28  25  22  25  25  29  24  24  24  24  25  25  24  25  25  28  32  30  26  27  28  33  29  29  29  30  34  33  33  27 
21  20  18  15  7   10  18  21  25  22  25  19  13  11  7   9   11  16  20  22  26  19  13  7   4   0   5   9   18  21  29  25  18  12  4   2   8   13  19  26  28  25  18  15  10  10  12  13  19  25  24  20  17  11  11  19  16  15  17  25  24  22  18  19  16  20  24  21  20  20  26  23  20  21  23  25  20  20  20  20  23  23  22  23  23  26  28  26  22  23  26  31  27  27  27  28  31  29  29  23 
26  25  23  20  12  12  14  17  21  17  30  24  18  16  12  11  6   11  15  17  31  24  18  12  9   5   0   4   13  16  34  30  23  17  9   7   3   8   14  21  33  30  23  20  15  14  7   8   14  20  29  25  22  16  16  17  11  10  12  20  29  27  23  24  21  21  19  16  15  15  31  28  25  26  28  23  15  15  15  15  28  28  27  28  28  28  23  21  17  18  31  36  32  31  31  30  26  24  24  18 
30  29  27  24  16  16  18  17  17  13  34  28  22  20  16  15  10  8   11  13  35  28  22  16  13  9   4   0   9   12  38  34  27  21  13  11  7   4   10  17  37  34  27  24  19  18  11  4   10  16  33  29  26  20  20  13  7   6   8   16  32  31  27  28  21  17  15  12  11  11  30  32  27  26  24  19  11  11  11  11  26  26  25  24  24  24  19  17  13  14  29  34  30  27  27  26  22  20  20  14 
39  38  36  33  25  21  15  12  8   4   43  37  31  29  25  20  15  10  2   4   44  37  31  25  22  18  13  9   0   3   47  43  36  30  22  20  16  11  5   8   46  43  36  33  28  25  18  11  11  17  42  38  35  29  29  20  14  13  14  17  38  40  35  34  28  24  22  18  17  17  36  39  33  32  30  25  17  17  17  17  32  32  31  30  30  30  25  23  19  20  35  40  36  33  33  32  28  26  26  20 
42  41  39  36  28  22  14  11  7   1   46  40  34  32  28  21  16  11  3   1   47  40  34  28  25  21  16  12  3   0   50  46  39  33  25  23  19  14  8   5   49  46  39  36  31  28  21  14  14  14  44  41  38  32  32  23  17  16  17  14  40  42  37  36  31  27  25  20  19  19  38  41  35  34  32  27  19  19  19  19  34  34  33  32  32  32  27  25  21  22  37  42  38  35  35  34  30  28  28  22 
10  11  16  19  27  34  42  45  49  51  6   12  21  23  27  35  40  45  49  51  5   12  18  23  26  29  34  38  47  50  0   6   11  17  25  27  36  38  44  46  1   4   11  14  21  25  32  38  38  37  7   11  14  20  20  29  35  36  35  37  11  13  15  18  25  29  34  33  32  32  13  14  17  20  19  24  32  32  32  32  17  17  18  19  19  22  31  33  34  35  20  25  23  23  23  24  28  30  38  35 
11  10  15  18  24  31  39  42  46  47  12  9   18  20  24  32  36  41  45  47  11  9   15  19  22  25  30  34  43  46  6   0   7   13  21  23  32  35  41  44  7   9   7   10  18  22  29  35  36  35  13  14  11  17  17  26  32  33  33  35  17  16  12  15  22  26  31  31  30  30  19  17  14  17  17  22  30  30  30  30  17  17  16  17  17  20  29  31  32  33  20  25  21  21  21  22  26  28  36  33 
17  16  20  19  18  25  33  36  40  40  17  15  13  15  18  26  29  34  38  40  16  15  9   12  15  18  23  27  36  39  11  7   0   6   14  16  25  28  34  37  10  7   0   3   11  15  22  28  29  28  11  7   4   10  10  19  25  26  26  28  11  9   5   8   15  19  24  24  23  23  13  10  7   10  10  15  23  23  23  23  10  10  9   10  10  13  22  24  25  26  13  18  14  14  14  15  19  21  29  26 
20  19  22  19  12  19  27  30  34  34  23  18  16  15  12  20  23  28  32  34  22  18  12  6   9   12  17  21  30  33  17  13  6   0   8   10  19  24  30  38  16  13  6   3   11  15  22  24  30  34  17  13  10  11  11  20  26  26  28  34  17  15  11  14  16  20  25  30  29  29  19  16  13  16  16  21  29  29  29  29  16  16  15  16  16  19  28  30  31  32  19  24  20  20  20  21  25  27  35  32 
25  24  22  19  11  14  22  25  29  26  29  23  17  15  11  13  15  20  24  26  30  23  17  11  8   4   9   13  22  25  25  21  14  8   0   2   11  16  22  30  24  21  14  11  6   10  15  16  22  28  20  16  13  7   7   16  19  18  20  28  20  18  14  15  12  16  21  24  23  23  22  19  16  17  19  21  23  23  23  23  19  19  18  19  19  22  31  29  25  26  22  27  23  23  23  24  28  30  32  26 
23  22  20  17  9   12  20  23  27  24  27  21  15  13  9   11  13  18  22  24  28  21  15  9   6   2   7   11  20  23  27  23  16  10  2   0   9   14  20  28  26  23  16  13  8   8   13  14  20  26  22  18  15  9   9   17  17  16  18  26  22  20  16  17  14  18  23  22  21  21  24  21  18  19  21  23  21  21  21  21  21  21  20  21  21  24  29  27  23  24  24  29  25  25  25  26  30  30  30  24 
29  28  26  23  15  15  17  20  24  20  33  27  21  19  15  14  9   14  18  20  34  27  21  15  12  8   3   7   16  19  36  32  25  19  11  9   0   5   11  19  35  32  25  22  15  11  4   5   11  17  29  25  22  16  16  14  8   7   9   17  29  27  23  24  21  18  16  13  12  12  31  28  25  26  25  20  12  12  12  12  27  27  26  25  25  25  20  18  14  15  30  35  31  28  28  27  23  21  21  15 
34  33  31  28  20  20  22  21  19  15  38  32  26  24  20  19  14  12  13  15  39  32  26  20  17  13  8   4   11  14  38  35  28  24  16  14  5   0   6   14  37  34  28  26  18  14  7   0   6   12  31  27  24  18  18  9   3   2   4   12  28  29  25  24  17  13  11  8   7   7   26  29  23  22  20  15  7   7   7   7   22  22  21  20  20  20  15  13  9   10  25  30  26  23  23  22  18  16  16  10 
40  39  37  34  26  26  20  17  13  9   44  38  32  30  26  25  20  15  7   9   45  38  32  26  23  19  14  10  5   8   44  41  34  30  22  20  11  6   0   8   43  40  34  32  24  20  13  6   6   13  37  33  30  24  24  15  9   8   9   13  33  35  30  29  23  19  17  13  12  12  31  34  28  27  25  20  12  12  12  12  27  27  26  25  25  25  20  18  14  15  30  35  31  28  28  27  23  21  21  15 
47  46  44  41  33  27  19  16  12  6   51  45  39  37  33  26  21  16  8   6   51  45  39  33  30  26  21  17  8   5   46  44  37  38  30  28  19  14  8   0   45  43  37  40  32  28  21  14  14  9   39  36  33  32  32  23  17  16  17  9   35  37  32  31  30  26  21  15  14  14  33  36  30  29  27  22  14  14  14  14  29  29  28  27  27  27  22  20  16  17  32  37  33  30  30  29  25  23  23  17 
11  12  17  20  28  35  43  46  50  50  7   13  22  24  28  36  39  44  48  50  6   13  19  22  25  28  33  37  46  49  1   7   10  16  24  26  35  37  43  45  0   3   10  13  20  24  31  37  37  36  6   10  13  19  19  28  34  35  34  36  10  12  14  17  24  28  33  32  31  31  12  13  16  19  18  23  31  31  31  31  16  16  17  18  18  21  30  32  33  34  19  24  22  22  22  23  27  29  37  34 
14  15  20  23  25  32  40  43  47  47  10  16  20  22  25  33  36  41  45  47  9   16  16  19  22  25  30  34  43  46  4   9   7   13  21  23  32  34  40  43  3   0   7   10  17  21  28  34  35  34  9   7   10  16  16  25  31  32  32  34  11  9   11  14  21  25  30  30  29  29  13  10  13  16  16  21  29  29  29  29  16  16  15  16  16  19  28  30  31  32  19  24  20  20  20  21  25  27  35  32 
17  16  20  19  18  25  33  36  40  40  17  15  13  15  18  26  29  34  38  40  16  15  9   12  15  18  23  27  36  39  11  7   0   6   14  16  25  28  34  37  10  7   0   3   11  15  22  28  29  28  11  7   4   10  10  19  25  26  26  28  11  9   5   8   15  19  24  24  23  23  13  10  7   10  10  15  23  23  23  23  10  10  9   10  10  13  22  24  25  26  13  18  14  14  14  15  19  21  29  26 
20  19  23  22  15  22  30  33  37  37  20  18  16  18  15  23  26  31  35  37  19  18  12  9   12  15  20  24  33  36  14  10  3   3   11  13  22  26  32  40  13  10  3   0   8   12  19  26  29  31  14  10  7   8   8   17  23  24  26  31  14  12  8   11  13  17  22  27  26  26  16  13  10  13  13  18  26  26  26  26  13  13  12  13  13  16  25  27  28  29  16  21  17  17  17  18  22  24  32  29 
28  27  28  25  17  20  28  31  35  32  27  26  23  21  17  19  21  26  30  32  26  26  20  17  14  10  15  19  28  31  21  18  11  11  6   8   15  18  24  32  20  17  11  8   0   4   11  18  22  27  14  10  7   1   1   10  16  17  19  27  14  12  8   9   6   10  15  21  22  22  16  13  10  11  13  15  22  22  22  22  13  13  12  13  13  16  25  27  24  25  16  21  17  17  17  18  22  24  31  25 
31  30  28  25  17  20  28  31  33  29  31  29  23  21  17  19  20  25  27  29  30  29  23  17  14  10  14  18  25  28  25  22  15  15  10  8   11  14  20  28  24  21  15  12  4   0   7   14  20  26  18  14  11  5   5   9   15  16  18  26  18  16  12  13  10  13  18  22  21  21  20  17  14  15  17  18  21  21  21  21  17  17  16  17  17  20  29  27  23  24  20  25  21  21  21  22  26  28  30  24 
33  32  30  27  19  19  21  24  26  22  37  31  25  23  19  18  13  18  20  22  37  31  25  19  16  12  7   11  18  21  32  29  22  22  15  13  4   7   13  21  31  28  22  19  11  7   0   7   13  19  25  21  18  12  12  15  9   9   11  19  25  23  19  20  17  19  17  15  14  14  27  24  21  22  24  22  14  14  14  14  24  24  23  24  24  27  22  20  16  17  27  32  28  28  28  29  25  23  23  17 
34  33  31  28  20  20  22  21  19  15  38  32  26  24  20  19  14  12  13  15  39  32  26  20  17  13  8   4   11  14  38  35  28  24  16  14  5   0   6   14  37  34  28  26  18  14  7   0   6   12  31  27  24  18  18  9   3   2   4   12  28  29  25  24  17  13  11  8   7   7   26  29  23  22  20  15  7   7   7   7   22  22  21  20  20  20  15  13  9   10  25  30  26  23  23  22  18  16  16  10 
40  39  37  34  26  26  26  23  19  15  44  38  32  30  26  25  20  18  13  15  43  38  32  26  23  19  14  10  11  14  38  36  29  30  22  20  11  6   6   14  37  35  29  29  22  20  13  6   0   7   31  28  25  21  21  12  6   5   3   7   27  29  24  23  20  16  13  7   6   6   25  28  22  21  19  14  6   6   6   6   21  21  20  19  19  19  14  12  8   9   24  29  25  22  22  21  17  15  15  9  
45  44  43  40  32  32  28  25  21  15  43  43  38  36  32  31  26  24  17  15  42  43  37  32  29  25  20  16  17  14  37  35  28  34  28  26  17  12  13  9   36  34  28  31  27  26  19  12  7   0   30  27  24  26  26  17  11  10  8   0   26  28  23  22  21  17  12  6   5   5   24  27  21  20  18  13  5   5   5   5   20  20  19  18  18  18  13  11  7   8   23  28  24  21  21  20  16  14  14  8  
17  18  23  26  29  34  42  45  49  45  13  19  24  26  29  33  35  40  44  45  12  19  20  23  26  24  29  33  42  44  7   13  11  17  20  22  29  31  37  39  6   9   11  14  14  18  25  31  31  30  0   4   7   13  13  22  28  29  28  30  4   6   8   11  18  22  27  26  25  25  6   7   10  13  12  17  25  25  25  25  10  10  11  12  12  15  24  26  27  28  13  18  16  16  16  17  21  23  31  28 
21  22  27  26  25  30  38  41  45  42  17  22  20  22  25  29  31  36  40  42  16  22  16  19  22  20  25  29  38  41  11  14  7   13  16  18  25  27  33  36  10  7   7   10  10  14  21  27  28  27  4   0   3   9   9   18  24  25  25  27  4   2   4   7   14  18  23  23  22  22  6   3   6   9   9   14  22  22  22  22  9   9   8   9   9   12  21  23  24  25  12  17  13  13  13  14  18  20  28  25 
21  20  24  23  22  27  35  38  42  39  20  19  17  19  22  26  28  33  37  39  19  19  13  16  19  17  22  26  35  38  14  11  4   10  13  15  22  24  30  33  13  10  4   7   7   11  18  24  25  24  7   3   0   6   6   15  21  22  22  24  7   5   1   4   11  15  20  20  19  19  9   6   3   6   6   11  19  19  19  19  6   6   5   6   6   9   18  20  21  22  9   14  10  10  10  11  15  17  25  22 
27  26  29  26  18  21  29  32  36  33  26  25  23  22  18  20  22  27  31  33  25  25  19  17  15  11  16  20  29  32  20  17  10  11  7   9   16  18  24  32  19  16  10  8   1   5   12  18  21  26  13  9   6   0   0   9   15  16  18  26  13  11  7   8   5   9   14  20  21  21  15  12  9   10  12  14  21  21  21  21  12  12  11  12  12  15  24  26  23  24  15  20  16  16  16  17  21  23  30  24 
27  26  29  26  18  21  29  32  36  33  26  25  23  22  18  20  22  27  31  33  25  25  19  17  15  11  16  20  29  32  20  17  10  11  7   9   16  18  24  32  19  16  10  8   1   5   12  18  21  26  13  9   6   0   0   9   15  16  18  26  13  11  7   8   5   9   14  20  21  21  15  12  9   10  12  14  21  21  21  21  12  12  11  12  12  15  24  26  23  24  15  20  16  16  16  17  21  23  30  24 
36  35  37  34  26  29  31  30  28  24  35  34  32  30  26  28  23  21  22  24  34  34  28  26  23  19  17  13  20  23  29  26  19  20  16  17  14  9   15  23  28  25  19  17  10  9   15  9   12  17  22  18  15  9   9   0   6   7   9   17  22  20  16  16  8   4   9   13  12  12  20  21  17  16  14  9   12  12  12  12  16  16  15  14  14  14  20  18  14  15  19  24  20  18  18  18  22  21  21  15 
37  36  34  31  23  23  25  24  22  18  41  35  29  27  23  22  17  15  16  18  40  35  29  23  20  16  11  7   14  17  35  32  25  26  19  17  8   3   9   17  34  31  25  23  16  15  9   3   6   11  28  24  21  15  15  6   0   1   3   11  27  26  22  22  14  10  8   7   6   6   25  27  22  21  19  14  6   6   6   6   21  21  20  19  19  19  14  12  8   9   24  29  25  22  22  21  17  15  15  9  
36  35  33  30  22  22  24  23  21  17  40  34  28  26  22  21  16  14  15  17  41  34  28  22  19  15  10  6   13  16  36  33  26  26  18  16  7   2   8   16  35  32  26  24  17  16  9   2   5   10  29  25  22  16  16  7   1   0   2   10  26  27  23  22  15  11  9   6   5   5   24  27  21  20  18  13  5   5   5   5   20  20  19  18  18  18  13  11  7   8   23  28  24  21  21  20  16  14  14  8  
38  37  35  32  24  24  26  25  22  18  41  36  30  28  24  23  18  16  16  18  40  36  30  24  21  17  12  8   14  17  35  33  26  28  20  18  9   4   9   17  34  32  26  26  19  18  11  4   3   8   28  25  22  18  18  9   3   2   0   8   24  26  21  20  17  13  10  4   3   3   22  25  19  18  16  11  3   3   3   3   18  18  17  16  16  16  11  9   5   6   21  26  22  19  19  18  14  12  12  6  
45  44  43  40  32  32  28  25  21  15  43  43  38  36  32  31  26  24  17  15  42  43  37  32  29  25  20  16  17  14  37  35  28  34  28  26  17  12  13  9   36  34  28  31  27  26  19  12  7   0   30  27  24  26  26  17  11  10  8   0   26  28  23  22  21  17  12  6   5   5   24  27  21  20  18  13  5   5   5   5   20  20  19  18  18  18  13  11  7   8   23  28  24  21  21  20  16  14  14  8  
21  22  27  30  29  34  42  45  46  41  17  23  24  26  29  33  35  40  40  41  16  23  20  23  26  24  29  32  38  40  11  17  11  17  20  22  29  28  33  35  10  11  11  14  14  18  25  28  27  26  4   4   7   13  13  22  27  26  24  26  0   2   7   10  17  18  23  22  21  21  2   3   9   10  8   13  21  21  21  21  6   6   7   8   8   11  20  22  23  24  9   14  12  12  12  13  17  19  27  24 
23  24  29  28  27  32  40  43  47  43  19  24  22  24  27  31  33  38  42  43  18  24  18  21  24  22  27  31  40  42  13  16  9   15  18  20  27  29  35  37  12  9   9   12  12  16  23  29  29  28  6   2   5   11  11  20  26  27  26  28  2   0   5   8   16  20  25  24  23  23  4   1   7   10  10  15  23  23  23  23  8   8   9   10  10  13  22  24  25  26  11  16  14  14  14  15  19  21  29  26 
22  21  25  24  23  28  36  39  43  38  21  20  18  20  23  27  29  34  37  38  20  20  14  17  20  18  23  27  35  37  15  12  5   11  14  16  23  25  30  32  14  11  5   8   8   12  19  25  24  23  8   4   1   7   7   16  22  23  21  23  7   5   0   3   11  15  20  19  18  18  9   6   2   5   5   10  18  18  18  18  5   5   4   5   5   8   17  19  20  21  8   13  9   9   9   10  14  16  24  21 
25  24  28  27  26  29  37  40  42  37  24  23  21  23  26  28  30  35  36  37  23  23  17  20  23  19  24  28  34  36  18  15  8   14  15  17  24  24  29  31  17  14  8   11  9   13  20  24  23  22  11  7   4   8   8   16  22  22  20  22  10  8   3   0   8   12  17  18  17  17  10  9   5   2   4   9   17  17  17  17  6   6   5   4   4   7   16  18  19  20  9   14  10  8   8   9   13  15  23  20 
32  31  34  31  23  26  34  37  36  32  31  30  28  27  23  25  27  29  30  32  30  30  24  22  20  16  21  21  28  31  25  22  15  16  12  14  21  17  23  30  24  21  15  13  6   10  17  17  20  21  18  14  11  5   5   8   14  15  17  21  17  16  11  8   0   4   9   15  16  16  15  17  12  10  9   9   16  16  16  16  11  11  10  9   9   12  21  22  18  19  14  19  15  13  13  14  18  20  25  19 
36  35  38  35  27  30  35  34  32  28  35  34  32  31  27  29  27  25  26  28  34  34  28  26  24  20  21  17  24  27  29  26  19  20  16  18  18  13  19  26  28  25  19  17  10  13  19  13  16  17  22  18  15  9   9   4   10  11  13  17  18  20  15  12  4   0   5   11  12  12  16  19  13  12  10  5   12  12  12  12  12  12  11  10  10  10  19  18  14  15  15  20  16  14  14  14  18  20  21  15 
41  40  42  39  31  31  33  32  30  26  40  39  37  35  31  30  25  23  24  26  39  39  33  31  28  24  19  15  22  25  34  31  24  25  21  23  16  11  17  21  33  30  24  22  15  18  17  11  13  12  27  23  20  14  14  9   8   9   10  12  23  25  20  17  9   5   0   6   7   7   21  24  18  17  15  10  7   7   7   7   17  17  16  15  15  15  15  13  9   10  20  25  21  19  19  19  18  16  16  10 
41  40  39  36  28  28  30  29  26  21  39  39  34  32  28  27  22  20  20  21  38  39  33  28  25  21  16  12  18  20  33  31  24  30  24  22  13  8   13  15  32  30  24  27  21  22  15  8   7   6   26  23  20  20  20  13  7   6   4   6   22  24  19  18  15  11  6   0   1   1   20  23  17  16  14  9   1   1   1   1   16  16  15  14  14  14  9   7   3   4   19  24  20  17  17  16  12  10  10  4  
40  39  38  35  27  27  29  28  25  20  38  38  33  31  27  26  21  19  19  20  37  38  32  27  24  20  15  11  17  19  32  30  23  29  23  21  12  7   12  14  31  29  23  26  22  21  14  7   6   5   25  22  19  21  21  12  6   5   3   5   21  23  18  17  16  12  7   1   0   0   19  22  16  15  13  8   0   0   0   0   15  15  14  13  13  13  8   6   2   3   18  23  19  16  16  15  11  9   9   3  
40  39  38  35  27  27  29  28  25  20  38  38  33  31  27  26  21  19  19  20  37  38  32  27  24  20  15  11  17  19  32  30  23  29  23  21  12  7   12  14  31  29  23  26  22  21  14  7   6   5   25  22  19  21  21  12  6   5   3   5   21  23  18  17  16  12  7   1   0   0   19  22  16  15  13  8   0   0   0   0   15  15  14  13  13  13  8   6   2   3   18  23  19  16  16  15  11  9   9   3  
23  24  29  32  31  36  44  47  44  39  19  25  26  28  31  35  37  38  38  39  18  25  22  25  28  26  31  30  36  38  13  19  13  19  22  24  31  26  31  33  12  13  13  16  16  20  27  26  25  24  6   6   9   15  15  20  25  24  22  24  2   4   9   10  15  16  21  20  19  19  0   5   7   8   6   11  19  19  19  19  4   4   5   6   6   9   18  20  21  22  7   12  10  10  10  11  15  17  25  22 
24  25  30  29  28  33  41  44  47  42  20  25  23  25  28  32  34  39  41  42  19  25  19  22  25  23  28  32  39  41  14  17  10  16  19  21  28  29  34  36  13  10  10  13  13  17  24  29  28  27  7   3   6   12  12  21  27  27  25  27  3   1   6   9   17  19  24  23  22  22  5   0   6   9   9   14  22  22  22  22  8   8   8   9   9   12  21  23  24  25  11  16  13  13  13  14  18  20  28  25 
24  23  27  26  25  30  38  41  41  36  23  22  20  22  25  29  31  35  35  36  22  22  16  19  22  20  25  27  33  35  17  14  7   13  16  18  25  23  28  30  16  13  7   10  10  14  21  23  22  21  10  6   3   9   9   17  22  21  19  21  9   7   2   5   12  13  18  17  16  16  7   6   0   3   3   8   16  16  16  16  3   3   2   3   3   6   15  17  18  19  6   11  7   7   7   8   12  14  22  19 
27  26  30  29  28  31  39  42  40  35  26  25  23  25  28  30  32  34  34  35  25  25  19  22  25  21  26  26  32  34  20  17  10  16  17  19  26  22  27  29  19  16  10  13  11  15  22  22  21  20  13  9   6   10  10  16  21  20  18  20  10  10  5   2   10  12  17  16  15  15  8   9   3   0   2   7   15  15  15  15  4   4   3   2   2   5   14  16  17  18  7   12  8   6   6   7   11  13  21  18 
27  26  30  29  28  33  41  41  38  33  25  25  23  25  28  32  34  32  32  33  24  25  19  22  25  23  28  24  30  32  19  17  10  16  19  21  25  20  25  27  18  16  10  13  13  17  24  20  19  18  12  9   6   12  12  14  19  18  16  18  8   10  5   4   9   10  15  14  13  13  6   9   3   2   0   5   13  13  13  13  2   2   1   0   0   3   12  14  15  16  5   10  6   4   4   5   9   11  19  16 
32  31  35  34  32  35  37  36  33  28  30  30  28  30  32  34  29  27  27  28  29  30  24  27  29  25  23  19  25  27  24  22  15  21  21  23  20  15  20  22  23  21  15  18  15  18  22  15  14  13  17  14  11  14  14  9   14  13  11  13  13  15  10  9   9   5   10  9   8   8   11  14  8   7   5   0   8   8   8   8   7   7   6   5   5   5   14  14  10  11  10  15  11  9   9   9   13  15  17  11 
40  39  38  35  27  27  29  28  25  20  38  38  33  31  27  26  21  19  19  20  37  38  32  27  24  20  15  11  17  19  32  30  23  29  23  21  12  7   12  14  31  29  23  26  22  21  14  7   6   5   25  22  19  21  21  12  6   5   3   5   21  23  18  17  16  12  7   1   0   0   19  22  16  15  13  8   0   0   0   0   15  15  14  13  13  13  8   6   2   3   18  23  19  16  16  15  11  9   9   3  
40  39  38  35  27  27  29  28  25  20  38  38  33  31  27  26  21  19  19  20  37  38  32  27  24  20  15  11  17  19  32  30  23  29  23  21  12  7   12  14  31  29  23  26  22  21  14  7   6   5   25  22  19  21  21  12  6   5   3   5   21  23  18  17  16  12  7   1   0   0   19  22  16  15  13  8   0   0   0   0   15  15  14  13  13  13  8   6   2   3   18  23  19  16  16  15  11  9   9   3  
40  39  38  35  27  27  29  28  25  20  38  38  33  31  27  26  21  19  19  20  37  38  32  27  24  20  15  11  17  19  32  30  23  29  23  21  12  7   12  14  31  29  23  26  22  21  14  7   6   5   25  22  19  21  21  12  6   5   3   5   21  23  18  17  16  12  7   1   0   0   19  22  16  15  13  8   0   0   0   0   15  15  14  13  13  13  8   6   2   3   18  23  19  16  16  15  11  9   9   3  
40  39  38  35  27  27  29  28  25  20  38  38  33  31  27  26  21  19  19  20  37  38  32  27  24  20  15  11  17  19  32  30  23  29  23  21  12  7   12  14  31  29  23  26  22  21  14  7   6   5   25  22  19  21  21  12  6   5   3   5   21  23  18  17  16  12  7   1   0   0   19  22  16  15  13  8   0   0   0   0   15  15  14  13  13  13  8   6   2   3   18  23  19  16  16  15  11  9   9   3  
27  26  30  29  28  33  41  43  40  35  23  25  23  25  28  32  34  34  34  35  22  25  19  22  25  23  28  26  32  34  17  17  10  16  19  21  27  22  27  29  16  16  10  13  13  17  24  22  21  20  10  9   6   12  12  16  21  20  18  20  6   8   5   6   11  12  17  16  15  15  4   8   3   4   2   7   15  15  15  15  0   0   1   2   2   5   14  16  17  18  3   8   6   6   6   7   11  13  21  18 
27  26  30  29  28  33  41  43  40  35  23  25  23  25  28  32  34  34  34  35  22  25  19  22  25  23  28  26  32  34  17  17  10  16  19  21  27  22  27  29  16  16  10  13  13  17  24  22  21  20  10  9   6   12  12  16  21  20  18  20  6   8   5   6   11  12  17  16  15  15  4   8   3   4   2   7   15  15  15  15  0   0   1   2   2   5   14  16  17  18  3   8   6   6   6   7   11  13  21  18 
26  25  29  28  27  32  40  42  39  34  24  24  22  24  27  31  33  33  33  34  23  24  18  21  24  22  27  25  31  33  18  16  9   15  18  20  26  21  26  28  17  15  9   12  12  16  23  21  20  19  11  8   5   11  11  15  20  19  17  19  7   9   4   5   10  11  16  15  14  14  5   8   2   3   1   6   14  14  14  14  1   1   0   1   1   4   13  15  16  17  4   9   5   5   5   6   10  12  20  17 
27  26  30  29  28  33  41  41  38  33  25  25  23  25  28  32  34  32  32  33  24  25  19  22  25  23  28  24  30  32  19  17  10  16  19  21  25  20  25  27  18  16  10  13  13  17  24  20  19  18  12  9   6   12  12  14  19  18  16  18  8   10  5   4   9   10  15  14  13  13  6   9   3   2   0   5   13  13  13  13  2   2   1   0   0   3   12  14  15  16  5   10  6   4   4   5   9   11  19  16 
27  26  30  29  28  33  41  41  38  33  25  25  23  25  28  32  34  32  32  33  24  25  19  22  25  23  28  24  30  32  19  17  10  16  19  21  25  20  25  27  18  16  10  13  13  17  24  20  19  18  12  9   6   12  12  14  19  18  16  18  8   10  5   4   9   10  15  14  13  13  6   9   3   2   0   5   13  13  13  13  2   2   1   0   0   3   12  14  15  16  5   10  6   4   4   5   9   11  19  16 
30  29  33  32  31  36  42  41  38  33  28  28  26  28  31  35  34  32  32  33  27  28  22  25  28  26  28  24  30  32  22  20  13  19  22  24  25  20  25  27  21  19  13  16  16  20  27  20  19  18  15  12  9   15  15  14  19  18  16  18  11  13  8   7   12  10  15  14  13  13  9   12  6   5   3   5   13  13  13  13  5   5   4   3   3   0   9   11  15  16  8   13  9   5   5   4   8   10  18  16 
39  38  42  41  35  35  37  36  33  28  37  37  35  37  35  34  29  27  27  28  36  37  31  34  32  28  23  19  25  27  31  29  22  28  31  29  20  15  20  22  30  28  22  25  25  29  22  15  14  13  24  21  18  24  24  20  14  13  11  13  20  22  17  16  21  19  15  9   8   8   18  21  15  14  12  14  8   8   8   8   14  14  13  12  12  9   0   2   9   10  17  22  18  12  12  11  7   5   13  10 
41  40  44  41  33  33  35  34  31  26  39  39  37  37  33  32  27  25  25  26  38  39  33  33  30  26  21  17  23  25  33  31  24  30  29  27  18  13  18  20  32  30  24  27  27  27  20  13  12  11  26  23  20  26  26  18  12  11  9   11  22  24  19  18  22  18  13  7   6   6   20  23  17  16  14  14  6   6   6   6   16  16  15  14  14  11  2   0   7   8   19  22  17  10  10  9   5   3   11  8  
42  41  40  37  29  29  31  30  27  22  40  40  35  33  29  28  23  21  21  22  39  40  34  29  26  22  17  13  19  21  34  32  25  31  25  23  14  9   14  16  33  31  25  28  24  23  16  9   8   7   27  24  21  23  23  14  8   7   5   7   23  25  20  19  18  14  9   3   2   2   21  24  18  17  15  10  2   2   2   2   17  17  16  15  15  15  9   7   0   1   20  25  21  17  17  16  12  10  7   1  
43  42  41  38  30  30  32  31  28  23  41  41  36  34  30  29  24  22  22  23  40  41  35  30  27  23  18  14  20  22  35  33  26  32  26  24  15  10  15  17  34  32  26  29  25  24  17  10  9   8   28  25  22  24  24  15  9   8   6   8   24  26  21  20  19  15  10  4   3   3   22  25  19  18  16  11  3   3   3   3   18  18  17  16  16  16  10  8   1   0   21  26  22  18  18  17  13  11  8   0  
30  29  33  32  31  36  44  46  43  38  26  28  26  28  31  35  37  37  37  38  25  28  22  25  28  26  31  29  35  37  20  20  13  19  22  24  30  25  30  32  19  19  13  16  16  20  27  25  24  23  13  12  9   15  15  19  24  23  21  23  9   11  8   9   14  15  20  19  18  18  7   11  6   7   5   10  18  18  18  18  3   3   4   5   5   8   17  19  20  21  0   9   9   9   9   10  14  16  24  21 
35  34  38  37  36  41  49  51  48  43  31  33  31  33  36  40  42  42  42  43  30  33  27  30  33  31  36  34  40  42  25  25  18  24  27  29  35  30  35  37  24  24  18  21  21  25  32  30  29  28  18  17  14  20  20  24  29  28  26  28  14  16  13  14  19  20  25  24  23  23  12  16  11  12  10  15  23  23  23  23  8   8   9   10  10  13  22  22  25  26  9   0   5   12  12  13  17  19  27  26 
31  30  34  33  32  37  45  47  44  39  29  29  27  29  32  36  38  38  38  39  28  29  23  26  29  27  32  30  36  38  23  21  14  20  23  25  31  26  31  33  22  20  14  17  17  21  28  26  25  24  16  13  10  16  16  20  25  24  22  24  12  14  9   10  15  16  21  20  19  19  10  13  7   8   6   11  19  19  19  19  6   6   5   6   6   9   18  17  21  22  9   5   0   7   7   8   12  14  22  22 
31  30  34  33  32  37  45  44  41  36  29  29  27  29  32  36  37  35  35  36  28  29  23  26  29  27  31  27  33  35  23  21  14  20  23  25  28  23  28  30  22  20  14  17  17  21  28  23  22  21  16  13  10  16  16  18  22  21  19  21  12  14  9   8   13  14  19  17  16  16  10  13  7   6   4   9   16  16  16  16  6   6   5   4   4   5   12  10  17  18  9   12  7   0   0   1   5   7   15  18 
31  30  34  33  32  37  45  44  41  36  29  29  27  29  32  36  37  35  35  36  28  29  23  26  29  27  31  27  33  35  23  21  14  20  23  25  28  23  28  30  22  20  14  17  17  21  28  23  22  21  16  13  10  16  16  18  22  21  19  21  12  14  9   8   13  14  19  17  16  16  10  13  7   6   4   9   16  16  16  16  6   6   5   4   4   5   12  10  17  18  9   12  7   0   0   1   5   7   15  18 
32  31  35  34  33  38  44  43  40  35  30  30  28  30  33  37  36  34  34  35  29  30  24  27  30  28  30  26  32  34  24  22  15  21  24  26  27  22  27  29  23  21  15  18  18  22  29  22  21  20  17  14  11  17  17  18  21  20  18  20  13  15  10  9   14  14  19  16  15  15  11  14  8   7   5   9   15  15  15  15  7   7   6   5   5   4   11  9   16  17  10  13  8   1   1   0   4   6   14  17 
36  35  39  38  37  38  40  39  36  31  34  34  32  34  37  37  32  30  30  31  33  34  28  31  34  31  26  22  28  30  28  26  19  25  28  30  23  18  23  25  27  25  19  22  22  26  25  18  17  16  21  18  15  21  21  22  17  16  14  16  17  19  14  13  18  18  18  12  11  11  15  18  12  11  9   13  11  11  11  11  11  11  10  9   9   8   7   5   12  13  14  17  12  5   5   4   0   2   10  13 
38  37  41  40  36  36  38  37  34  29  36  36  34  36  36  35  30  28  28  29  35  36  30  33  33  29  24  20  26  28  30  28  21  27  30  30  21  16  21  23  29  27  21  24  24  28  23  16  15  14  23  20  17  23  23  21  15  14  12  14  19  21  16  15  20  20  16  10  9   9   17  20  14  13  11  15  9   9   9   9   13  13  12  11  11  10  5   3   10  11  16  19  14  7   7   6   2   0   8   11 
46  45  47  44  36  36  38  37  34  29  44  44  42  40  36  35  30  28  28  29  43  44  38  36  33  29  24  20  26  28  38  36  29  35  32  30  21  16  21  23  37  35  29  32  31  30  23  16  15  14  31  28  25  30  30  21  15  14  12  14  27  29  24  23  25  21  16  10  9   9   25  28  22  21  19  17  9   9   9   9   21  21  20  19  19  18  13  11  7   8   24  27  22  15  15  14  10  8   0   8  
43  42  41  38  30  30  32  31  28  23  41  41  36  34  30  29  24  22  22  23  40  41  35  30  27  23  18  14  20  22  35  33  26  32  26  24  15  10  15  17  34  32  26  29  25  24  17  10  9   8   28  25  22  24  24  15  9   8   6   8   24  26  21  20  19  15  10  4   3   3   22  25  19  18  16  11  3   3   3   3   18  18  17  16  16  16  10  8   1   0   21  26  22  18  18  17  13  11  8   0  
