1   2   12  22  11  21  3   23  4   31  41  13  32  14  42  24  33  51  43  25  5   15  44  34  61  52  26  53  63  62  71  36  6   72  73  64  35  16  27  83  81  85  84  74  54  75  55  82  45  37  28  17  86  91  93  94  46  95  7   65  76  96  47  48  38  92  8   18  97  58  66  56  57  59  98  87  9   29  79  80  70  49  77  39  78  69  19  67  68  88  30  89  100 20  10  90  60  50  99  40 
2   1   12  22  3   11  21  23  4   13  32  31  14  41  24  42  33  43  25  15  5   51  44  34  26  53  63  61  52  36  6   73  64  71  35  62  16  72  27  83  85  84  74  54  75  55  82  81  45  37  28  17  86  91  93  94  46  95  7   65  76  96  47  48  38  92  8   18  97  58  66  56  57  59  98  87  9   29  79  80  70  49  77  39  78  69  19  67  68  88  30  89  100 20  10  90  60  50  99  40 
3   4   2   1   22  12  14  13  11  23  15  21  5   25  32  24  31  41  6   26  16  43  36  33  42  35  34  44  27  51  53  17  63  37  7   28  52  61  73  45  64  46  54  62  18  8   55  83  71  85  84  82  47  81  75  74  72  48  38  9   58  86  91  94  93  95  65  57  96  59  76  29  39  49  19  56  92  80  79  78  77  70  69  66  10  20  97  68  30  89  98  100 90  87  67  60  50  88  40  99 
4   3   14  13  2   5   15  1   22  12  23  25  24  11  21  26  6   16  36  32  35  34  33  31  43  27  41  17  44  42  7   53  37  63  28  46  45  73  8   55  18  54  52  51  64  47  83  62  38  48  72  74  75  81  85  84  82  61  9   58  57  65  59  71  86  91  95  29  94  93  39  76  96  49  19  56  66  80  70  78  77  69  79  20  68  10  30  89  92  97  100 90  67  60  98  50  88  87  40  99 
15  5   25  14  13  24  26  6   4   16  36  23  35  3   27  34  17  12  37  44  22  7   28  2   45  46  1   43  55  54  8   33  18  47  38  48  11  53  21  9   58  57  65  63  32  59  42  29  52  73  39  64  19  56  49  83  62  66  78  79  80  70  31  77  69  75  72  82  74  41  84  85  30  20  10  68  81  61  51  89  90  100 71  86  91  67  76  93  94  95  60  50  88  40  96  87  99  92  98  97 
6   16  17  5   15  7   26  25  18  8   14  36  27  24  13  35  4   37  9   28  23  3   47  19  34  38  48  46  45  10  20  29  55  54  22  44  30  58  12  2   57  59  1   33  43  65  39  49  69  70  53  79  77  78  40  80  11  68  63  64  56  21  89  90  73  100 66  52  67  32  74  42  83  50  62  60  75  88  81  82  84  85  72  31  51  61  87  41  76  99  91  98  86  71  93  94  95  96  97  92 
7   8   9   6   17  16  18  20  19  10  27  30  15  29  5   37  28  26  25  40  14  36  39  13  47  24  38  48  35  4   58  57  23  59  49  3   34  45  60  46  50  70  69  79  80  54  55  77  78  44  12  22  68  89  56  2   90  1   100 67  43  33  65  66  88  53  11  63  21  64  87  76  98  52  73  99  32  74  97  62  83  42  81  82  72  75  85  84  31  61  51  86  41  71  96  91  93  94  95  92 
8   7   9   18  10  19  20  30  17  6   29  16  40  39  28  27  5   15  37  25  26  48  38  14  58  36  49  47  57  24  13  50  59  60  35  4   23  69  70  77  79  78  80  3   68  34  56  89  90  100 46  45  54  55  67  22  12  44  88  66  2   1   43  33  87  76  65  98  99  53  63  97  11  21  64  86  85  84  75  73  52  74  83  32  81  82  42  62  96  72  95  94  61  31  51  91  41  71  93  92 
9   8   10  19  20  7   30  29  40  39  18  6   17  16  28  38  49  48  60  50  58  27  59  57  5   15  37  70  25  69  77  78  79  80  26  68  14  47  36  89  56  90  100 13  24  35  4   67  88  66  23  46  3   87  76  98  99  34  45  55  65  54  97  12  22  44  86  84  85  2   75  83  1   74  96  82  81  33  43  95  94  73  53  64  11  63  91  21  71  93  52  32  61  62  42  72  92  31  51  41 
10  20  30  19  29  40  9   39  18  8   7   28  48  49  60  38  50  17  27  58  59  57  80  79  78  16  77  70  69  37  6   68  47  89  26  90  100 56  36  25  67  35  88  5   76  15  66  87  24  98  99  46  97  65  14  45  54  86  85  84  55  75  34  83  13  23  82  81  96  74  4   73  94  95  64  44  63  91  71  53  93  3   43  33  61  22  12  52  72  2   92  1   62  51  42  32  11  21  41  31 
11  21  1   2   22  12  31  41  42  3   32  23  4   51  13  61  52  33  43  14  24  71  62  44  72  53  63  25  15  5   73  81  34  82  83  64  84  75  26  85  91  55  54  74  36  45  86  6   95  94  93  35  16  76  27  96  46  92  65  37  17  28  97  66  56  98  7   47  87  79  78  77  70  69  80  38  48  68  8   88  18  67  89  58  90  100 59  57  29  9   60  50  99  49  39  19  30  20  10  40 
12  22  2   1   3   23  11  21  13  4   32  14  24  31  41  33  43  25  15  5   42  34  44  51  26  53  63  36  52  6   73  64  35  61  16  27  62  83  54  85  74  72  71  75  55  84  81  82  45  37  28  17  86  91  93  94  46  95  7   65  76  96  47  48  38  92  8   18  97  58  66  56  57  59  98  87  9   29  79  80  70  49  77  39  78  69  19  67  68  88  30  89  100 20  10  90  60  50  99  40 
13  14  23  4   5   15  3   25  22  12  2   24  1   6   43  26  33  16  11  36  34  44  21  53  35  63  27  32  17  42  73  52  64  37  31  7   28  41  62  83  72  85  75  81  82  84  55  54  74  46  45  51  8   18  61  47  86  38  71  48  91  93  94  95  96  9   76  58  65  57  59  92  29  97  56  49  39  19  66  80  78  77  70  69  79  10  20  98  30  68  87  89  100 90  88  67  60  50  40  99 
14  13  4   5   15  23  3   25  24  26  12  22  6   16  2   36  1   35  34  33  43  27  11  17  21  44  53  7   37  32  28  63  46  45  55  54  52  73  8   42  18  64  31  47  48  62  41  83  38  81  72  75  85  84  82  74  51  58  61  9   57  65  71  86  91  59  94  93  29  95  39  56  96  49  19  76  66  80  78  77  70  69  79  10  20  68  30  89  92  97  100 90  67  60  98  50  88  87  40  99 
15  5   25  14  13  24  26  6   4   16  36  23  35  3   27  34  17  12  37  44  22  7   28  2   45  46  1   43  55  54  8   33  18  47  38  48  11  53  21  9   58  57  65  63  32  59  42  29  52  73  39  64  19  56  49  83  62  66  78  79  80  70  31  77  69  75  72  82  74  41  84  85  30  20  10  68  81  61  51  89  90  100 71  86  91  67  76  93  94  95  60  50  88  40  96  87  99  92  98  97 
16  6   17  5   15  26  7   18  25  27  36  8   14  35  24  37  13  28  4   9   19  47  23  48  46  45  38  3   20  10  29  55  34  54  30  58  57  59  12  22  44  2   1   39  65  49  69  53  70  79  43  77  78  40  33  80  63  68  56  89  64  66  90  73  100 11  52  67  21  74  83  62  50  60  72  75  88  32  85  81  82  84  51  61  42  76  87  31  86  99  91  98  71  41  93  94  95  96  97  92 
17  18  16  27  6   7   37  28  8   26  19  15  47  36  5   38  48  10  9   20  29  25  35  58  30  57  14  59  24  13  46  49  39  78  45  77  70  69  80  4   40  79  54  68  55  34  23  89  56  3   90  100 67  60  50  44  88  65  66  22  12  53  2   43  87  63  76  33  98  1   99  64  52  73  97  74  62  83  11  86  84  85  81  72  75  82  21  51  61  32  42  96  95  91  94  71  93  41  31  92 
18  17  28  19  8   29  16  10  20  30  6   27  7   38  48  9   37  58  39  57  40  26  59  15  5   49  36  47  70  69  77  78  79  80  68  25  35  89  56  14  90  100 67  24  60  50  13  88  46  66  4   45  87  54  55  76  23  34  98  99  3   65  97  44  75  85  84  86  12  83  53  22  81  63  74  2   43  33  96  82  94  95  73  1   64  52  91  71  93  62  11  72  21  51  61  32  42  92  41  31 
19  29  10  20  30  9   39  18  40  8   28  7   17  49  38  48  27  58  57  59  50  60  16  37  69  70  77  78  6   79  80  68  26  47  89  56  90  100 36  35  67  25  88  5   15  66  87  76  46  24  98  99  97  65  14  45  55  54  85  34  84  75  13  86  83  23  96  74  82  81  4   73  94  44  95  64  91  63  53  3   71  33  93  43  22  12  2   52  61  1   72  92  62  51  32  42  11  21  41  31 
10  20  30  19  29  40  9   39  18  8   7   28  48  49  60  38  50  17  27  58  59  57  80  79  78  16  77  70  69  37  6   68  47  89  26  90  100 56  36  25  67  35  88  5   76  15  66  87  24  98  99  46  97  65  14  45  54  86  85  84  55  75  34  83  13  23  82  81  96  74  4   73  94  95  64  44  63  91  71  53  93  3   43  33  61  22  12  52  72  2   92  1   62  51  42  32  11  21  41  31 
21  11  1   31  41  2   12  22  42  3   32  51  23  4   33  43  52  61  13  62  14  71  24  72  53  44  63  5   81  34  73  82  15  25  64  83  75  85  84  54  55  74  91  26  45  86  94  36  93  95  96  76  6   92  35  46  16  65  27  97  56  37  66  28  98  17  87  69  70  7   47  77  78  79  80  88  68  38  89  48  67  90  100 59  57  8   18  58  60  50  49  99  9   29  39  19  30  20  10  40 
12  22  2   1   3   23  11  21  13  4   32  14  24  31  41  33  43  25  15  5   42  34  44  51  26  53  63  36  52  6   73  64  35  61  16  27  62  83  54  85  74  72  71  75  55  84  81  82  45  37  28  17  86  91  93  94  46  95  7   65  76  96  47  48  38  92  8   18  97  58  66  56  57  59  98  87  9   29  79  80  70  49  77  39  78  69  19  67  68  88  30  89  100 20  10  90  60  50  99  40 
23  13  24  22  14  12  2   1   33  25  43  5   15  4   3   34  44  11  26  53  21  63  36  32  73  52  42  6   64  35  83  16  27  31  62  41  72  55  84  74  54  75  81  82  85  45  61  51  37  86  71  91  28  93  94  46  95  17  96  65  76  7   47  48  38  92  58  8   66  18  97  56  57  59  98  29  87  49  9   39  79  78  77  69  70  80  19  68  88  67  30  89  100 20  10  90  60  50  99  40 
24  25  15  5   23  34  26  36  44  14  13  35  27  22  43  33  12  6   4   2   16  1   37  53  3   28  46  54  55  63  45  11  17  32  21  47  73  42  52  64  38  48  7   62  83  72  58  74  75  81  41  82  84  85  65  51  18  57  31  61  8   59  91  29  86  71  94  66  56  95  93  49  39  78  69  70  19  76  77  79  80  96  30  68  9   20  10  89  92  100 90  67  97  60  50  88  40  98  87  99 
25  5   24  15  26  36  14  35  34  27  23  13  6   16  4   37  44  28  46  45  3   55  54  33  22  43  17  12  47  2   38  48  1   7   53  58  18  65  57  63  8   59  11  52  32  73  42  21  29  49  39  64  56  70  62  83  66  79  78  19  77  80  69  74  82  75  72  41  84  85  30  9   68  81  61  51  89  31  20  10  90  100 71  86  91  67  76  93  94  95  60  50  88  40  96  87  99  92  98  97 
26  36  35  25  27  24  15  5   37  28  16  46  45  6   17  55  14  54  34  47  38  23  13  48  4   58  44  18  57  65  59  53  43  29  3   7   63  33  56  39  22  12  64  49  69  66  52  78  77  73  80  2   70  79  19  68  74  8   1   30  62  89  10  83  20  85  90  84  82  81  75  100 72  67  61  51  50  76  60  42  9   11  32  91  88  71  40  21  86  93  94  95  87  41  96  31  99  98  92  97 
27  37  28  26  17  47  36  48  38  25  35  58  57  16  18  5   15  6   59  24  29  39  7   49  46  80  78  70  19  79  77  45  69  55  54  68  30  14  20  56  10  8   89  34  23  13  90  100 67  60  50  44  4   88  9   66  40  65  53  87  63  76  3   33  43  64  98  22  99  12  2   73  52  74  97  1   62  83  75  81  82  84  85  86  72  51  61  42  96  32  11  91  94  95  21  71  93  41  31  92 
28  38  27  48  58  37  57  18  59  29  26  39  49  17  47  19  36  70  80  79  78  77  69  30  68  89  35  25  10  56  20  90  100 67  16  60  50  6   5   15  24  9   40  8   66  88  7   46  87  76  45  14  98  54  55  99  65  34  23  97  13  86  85  44  75  84  4   83  82  96  53  74  81  95  94  3   33  43  63  73  12  64  22  91  52  2   1   71  93  62  72  61  51  92  11  42  32  21  41  31 
29  19  30  10  20  39  9   40  28  18  48  49  38  8   27  58  57  59  7   17  37  69  70  77  78  79  80  60  50  68  26  47  89  56  90  100 16  36  6   67  25  35  88  66  87  76  15  24  5   46  99  98  45  97  65  14  55  54  84  34  75  86  85  13  83  23  82  96  81  74  73  95  4   94  44  64  91  53  63  71  93  33  3   43  22  12  2   52  61  72  1   92  62  51  11  32  42  21  41  31 
30  10  20  29  19  40  9   39  18  8   28  48  49  38  50  7   60  17  58  27  59  57  80  79  78  37  77  70  69  68  47  89  26  16  90  100 6   56  36  35  67  25  88  87  66  76  98  99  15  5   46  24  97  65  45  86  75  84  85  14  55  54  34  83  82  81  23  13  96  74  95  94  73  4   64  44  91  63  53  93  71  33  3   43  61  12  22  2   52  72  92  62  1   51  42  32  11  21  41  31 
31  41  42  21  32  11  51  1   33  2   52  43  61  22  12  71  62  53  72  44  63  3   82  34  81  73  64  23  83  84  85  75  4   55  54  91  74  45  13  86  24  95  93  94  14  76  96  92  46  65  35  25  15  36  5   97  66  56  26  98  87  69  70  79  78  80  47  77  68  88  27  67  6   89  90  100 59  57  16  58  37  60  50  38  48  49  28  99  17  7   39  8   18  40  29  19  9   30  10  20 
32  31  43  33  41  42  22  12  2   44  1   21  53  63  11  34  51  52  73  3   64  23  83  62  75  74  72  84  55  82  61  54  81  85  45  13  4   24  71  86  91  14  95  94  35  93  65  96  25  46  76  36  5   15  26  92  56  66  97  98  47  87  70  69  80  79  77  27  78  67  68  6   88  57  89  37  16  90  100 59  58  28  50  48  38  60  17  99  49  7   39  18  8   29  40  19  30  9   10  20 
33  43  44  53  63  34  42  73  52  32  64  62  83  23  81  84  54  55  41  82  85  75  74  72  61  45  51  31  24  91  13  71  86  35  95  94  93  65  76  12  14  25  46  96  22  21  36  2   1   11  15  5   26  92  4   56  66  97  3   98  87  47  70  69  77  78  79  80  27  67  68  88  57  6   89  37  90  100 59  58  16  28  48  60  38  50  49  17  99  7   18  39  29  8   40  19  30  20  10  9  
34  44  43  33  24  35  25  53  36  45  54  55  63  23  26  5   15  73  42  52  32  64  46  62  14  83  75  41  85  84  82  81  65  74  72  13  31  61  51  27  12  22  91  37  71  6   4   86  2   56  66  1   95  93  94  16  28  76  96  47  21  3   17  11  38  48  92  67  97  57  58  98  7   18  59  87  69  77  78  79  80  70  8   49  29  39  88  68  89  100 19  90  30  60  20  10  9   50  99  40 
35  36  26  45  55  54  34  25  27  46  24  37  15  5   44  65  53  28  16  33  43  63  6   64  17  14  47  56  66  73  48  52  38  74  23  13  83  62  58  81  75  72  82  57  85  84  4   61  59  51  18  32  76  67  42  39  7   29  71  91  49  86  3   95  77  79  80  78  70  12  94  93  22  69  68  96  19  41  2   8   30  31  89  1   90  100 20  10  92  97  60  50  88  11  9   40  21  98  87  99 
36  35  26  25  27  46  45  55  37  24  15  54  5   34  16  28  6   14  17  47  44  38  65  48  53  23  13  58  43  33  63  57  56  4   64  52  18  73  59  66  74  49  3   62  83  7   29  39  72  79  70  75  80  69  78  81  82  77  84  22  85  12  2   61  51  68  19  76  8   89  67  30  32  42  1   90  91  86  100 10  71  20  95  94  93  96  60  41  50  88  11  9   31  21  40  92  87  99  97  98 
37  27  47  38  48  58  28  26  57  36  59  17  46  49  35  39  25  78  80  69  70  77  79  68  16  56  89  18  100 24  15  6   5   90  45  54  55  67  29  60  50  7   88  66  19  40  34  14  30  87  8   76  10  20  65  13  23  99  98  53  44  63  4   97  64  9   33  75  73  43  84  86  85  52  74  3   83  81  82  96  12  62  22  94  95  2   72  1   61  51  91  93  71  32  42  11  21  41  92  31 
38  48  58  57  59  28  37  39  49  80  79  78  77  70  69  47  27  68  89  56  90  100 67  29  60  50  18  66  88  26  19  46  30  36  17  40  76  87  10  20  99  98  35  65  25  54  45  97  55  16  9   5   15  85  84  24  75  86  6   83  8   7   96  81  82  74  95  73  94  34  14  53  64  91  63  71  44  13  93  23  52  4   43  33  61  62  72  92  3   51  12  22  2   1   42  32  41  31  11  21 
39  29  38  48  49  19  58  40  30  10  57  59  20  28  37  70  69  77  78  79  80  68  47  9   60  50  89  27  90  56  100 18  8   67  88  66  26  76  7   36  17  87  46  98  99  35  97  25  65  45  55  54  16  75  85  84  86  24  6   5   83  15  82  74  96  81  95  94  73  64  63  14  34  91  53  93  71  23  13  44  61  52  33  4   43  72  62  92  3   51  12  22  2   1   42  32  41  31  11  21 
40  30  20  10  29  39  19  50  60  9   70  38  48  49  80  77  79  78  69  68  8   58  89  18  59  90  57  100 28  7   37  88  67  17  47  27  87  76  99  98  56  97  66  26  16  86  85  84  75  6   46  83  36  81  82  96  74  65  95  73  94  25  35  64  45  55  54  91  63  93  24  71  15  53  5   61  72  52  62  43  92  33  14  34  13  23  51  44  4   42  32  3   22  41  12  31  2   1   21  11 
41  31  42  21  51  32  11  43  33  61  52  1   2   62  71  22  12  72  53  44  63  81  82  73  34  3   83  64  75  84  85  74  55  54  23  91  4   45  86  95  94  93  13  24  76  96  65  35  14  92  46  25  36  97  5   66  15  26  56  98  87  79  47  78  69  70  80  77  68  88  89  67  27  90  100 59  57  58  6   37  16  60  50  38  99  49  48  28  17  39  7   18  40  8   29  19  30  20  10  9  
42  41  31  33  43  52  21  32  51  62  11  53  44  72  63  61  71  34  73  1   64  83  2   81  82  74  85  54  55  84  75  12  23  22  45  86  24  91  3   95  94  93  13  76  35  46  96  65  14  25  36  4   92  15  5   26  56  97  66  98  87  47  78  79  80  69  70  77  67  68  88  27  57  89  90  100 59  58  6   37  16  60  38  28  48  50  49  99  17  7   39  18  40  29  8   19  30  20  10  9  
33  43  44  53  63  34  42  73  52  32  64  62  83  23  81  84  54  55  41  82  85  75  74  72  61  45  51  31  24  91  13  71  86  35  95  94  93  65  76  12  14  25  46  96  22  21  36  2   1   11  15  5   26  92  4   56  66  97  3   98  87  47  70  69  77  78  79  80  27  67  68  88  57  6   89  37  90  100 59  58  16  28  48  60  38  50  49  17  99  7   18  39  29  8   40  19  30  20  10  9  
44  34  43  33  53  45  54  63  55  24  52  42  32  73  64  35  25  23  62  46  83  75  85  41  81  72  36  65  82  74  84  61  51  31  26  15  5   71  91  13  86  56  66  94  95  93  22  76  96  14  12  21  47  2   11  27  1   92  97  67  6   4   37  16  3   57  98  58  28  87  69  70  59  48  17  77  78  79  80  38  88  68  89  90  100 49  7   18  60  50  99  39  29  8   19  30  20  10  9   40 
45  54  55  46  35  65  53  44  36  63  64  56  26  52  66  73  33  34  74  47  43  83  62  84  82  85  81  75  72  25  61  51  37  76  67  27  57  86  71  91  58  42  5   95  94  93  15  24  96  38  32  48  16  59  28  6   41  23  14  31  17  68  92  49  70  69  97  78  79  80  77  13  89  39  98  87  90  4   100 12  18  21  22  88  50  11  2   60  29  7   3   1   19  99  30  8   40  20  10  9  
46  45  55  54  47  36  56  35  26  65  53  37  63  44  64  66  27  38  73  48  52  25  43  33  34  57  74  58  83  62  75  5   81  72  24  84  82  85  15  76  28  51  61  67  59  16  71  17  6   49  39  91  86  70  80  69  77  79  78  95  94  14  42  93  32  96  68  13  23  89  41  90  100 18  29  4   31  92  97  50  60  88  19  40  30  98  3   7   12  22  20  87  10  2   99  21  11  8   1   9  
47  37  46  27  48  38  58  57  59  45  28  26  54  55  39  17  49  36  80  70  78  77  79  69  35  56  68  89  25  100 65  67  90  29  18  16  53  60  63  66  44  50  15  5   6   24  64  19  88  73  52  30  7   40  10  74  33  87  20  34  76  43  83  62  98  14  99  82  85  81  8   84  72  75  97  13  23  51  61  9   91  86  71  4   42  95  93  94  32  96  3   41  12  22  92  2   31  1   21  11 
38  48  58  57  59  28  37  39  49  80  79  78  77  70  69  47  27  68  89  56  90  100 67  29  60  50  18  66  88  26  19  46  30  36  17  40  76  87  10  20  99  98  35  65  25  54  45  97  55  16  9   5   15  85  84  24  75  86  6   83  8   7   96  81  82  74  95  73  94  34  14  53  64  91  63  71  44  13  93  23  52  4   43  33  61  62  72  92  3   51  12  22  2   1   42  32  41  31  11  21 
49  59  58  69  48  57  39  38  77  78  79  80  70  68  60  50  89  90  100 28  29  37  56  88  67  19  47  87  76  27  40  30  10  98  99  20  66  97  18  26  86  85  9   84  75  17  36  46  83  65  96  55  54  81  82  74  73  35  45  94  95  8   64  25  91  63  93  71  53  16  15  24  7   6   5   61  52  72  43  62  92  33  44  14  34  51  23  13  4   42  32  3   41  22  12  31  2   1   21  11 
50  60  80  79  78  77  70  69  68  89  49  90  59  100 40  58  57  88  67  38  48  39  87  76  30  98  99  20  10  28  97  56  29  37  66  19  86  85  84  75  83  47  81  27  82  96  74  73  9   95  65  94  64  91  63  18  71  53  93  8   26  17  61  55  54  46  36  72  52  45  7   33  35  92  62  43  25  51  44  16  15  5   6   24  34  42  32  41  14  31  23  13  4   21  3   12  11  22  2   1  
51  52  61  41  71  62  72  31  53  63  42  81  82  73  43  33  83  64  84  85  21  75  32  55  11  74  91  54  45  44  86  95  94  93  76  1   34  96  92  65  2   46  12  22  35  23  97  36  66  56  3   98  24  13  26  87  70  69  47  77  80  78  79  68  4   88  14  25  67  89  90  100 59  57  5   15  37  27  58  50  60  38  49  99  48  28  16  6   17  39  40  18  7   29  30  19  20  10  8   9  
52  62  72  53  51  61  63  71  73  64  42  43  33  83  75  82  84  55  54  81  74  85  45  44  41  31  86  91  34  95  94  93  76  46  65  32  96  35  23  21  92  11  56  97  66  36  24  98  13  26  1   47  87  77  2   12  14  22  70  69  80  79  78  25  67  68  88  57  89  90  100 59  58  5   15  27  37  4   3   60  50  38  48  99  49  28  16  6   17  39  18  40  29  7   19  30  8   20  10  9  
53  63  52  73  33  43  64  62  83  74  75  85  84  82  81  72  55  54  61  45  51  44  86  91  71  34  95  94  93  42  96  46  32  76  65  41  35  23  31  92  97  66  36  56  24  26  13  98  87  47  70  78  79  80  69  25  22  21  77  14  12  68  88  67  11  2   89  57  1   90  100 59  58  5   15  27  37  4   3   60  50  38  48  99  49  28  16  6   17  39  18  40  29  7   19  30  8   20  10  9  
55  54  45  65  46  53  35  63  44  64  66  73  56  52  36  43  33  74  83  34  26  62  84  85  81  47  82  72  75  51  61  76  67  57  86  71  25  91  95  94  93  58  37  42  27  96  32  24  38  15  5   48  59  41  23  68  31  28  16  92  97  70  69  49  6   77  78  79  80  14  17  89  13  98  39  90  87  100 21  22  12  88  50  2   4   11  60  1   18  3   29  7   99  19  8   30  40  20  10  9  
55  54  45  65  46  53  35  63  44  64  66  73  56  52  36  43  33  74  83  34  26  62  84  85  81  47  82  72  75  51  61  76  67  57  86  71  25  91  95  94  93  58  37  42  27  96  32  24  38  15  5   48  59  41  23  68  31  28  16  92  97  70  69  49  6   77  78  79  80  14  17  89  13  98  39  90  87  100 21  22  12  88  50  2   4   11  60  1   18  3   29  7   99  19  8   30  40  20  10  9  
56  66  57  58  65  48  38  54  55  59  46  67  76  45  77  70  69  78  79  80  49  68  28  75  84  86  89  85  37  90  53  47  39  100 83  35  81  63  64  74  82  60  73  50  44  36  27  96  95  94  52  88  43  26  33  91  71  87  29  34  93  62  98  18  72  99  51  97  19  61  30  25  17  40  10  92  20  42  24  32  15  5   41  9   16  23  6   31  8   14  7   13  22  4   12  21  11  2   1   3  
57  58  48  38  59  56  80  79  78  77  70  69  49  68  28  67  89  37  39  100 90  47  66  60  27  50  88  29  76  87  65  98  55  54  99  18  46  45  19  26  36  17  30  97  40  10  20  85  84  75  86  35  25  83  81  82  74  53  96  95  94  73  9   63  16  64  44  24  15  6   5   8   91  52  33  93  71  43  7   34  62  72  14  61  51  13  92  23  4   42  32  41  3   22  31  12  2   1   21  11 
58  57  48  59  38  49  70  69  78  79  80  77  68  28  89  56  37  39  100 90  47  67  60  27  50  66  88  29  76  87  18  98  99  65  19  26  30  54  36  17  97  55  46  40  45  20  10  84  86  75  35  85  25  83  74  81  96  82  9   95  94  16  73  24  53  6   5   15  64  91  63  8   7   71  93  44  52  34  61  33  14  43  72  62  92  13  23  51  4   42  3   32  22  12  41  2   31  1   11  21 
59  58  69  80  79  78  77  70  49  57  48  38  68  89  100 90  60  28  50  88  56  39  37  67  76  87  47  98  27  99  66  97  29  18  84  75  86  85  19  30  40  83  26  65  55  82  10  74  81  96  54  20  36  46  17  95  94  45  73  35  64  91  25  63  93  71  9   53  16  6   61  24  5   15  8   72  52  43  44  62  7   92  33  14  51  34  23  13  42  4   32  41  31  3   22  12  2   1   21  11 
50  60  80  79  78  77  70  69  68  89  49  90  59  100 40  58  57  88  67  38  48  39  87  76  30  98  99  20  10  28  97  56  29  37  66  19  86  85  84  75  83  47  81  27  82  96  74  73  9   95  65  94  64  91  63  18  71  53  93  8   26  17  61  55  54  46  36  72  52  45  7   33  35  92  62  43  25  51  44  16  15  5   6   24  34  42  32  41  14  31  23  13  4   21  3   12  11  22  2   1  
61  62  71  72  51  52  82  81  63  53  83  85  84  75  73  91  41  74  64  42  33  31  43  86  95  94  93  96  54  55  76  44  45  92  21  65  32  34  97  11  66  46  98  35  23  87  69  70  1   80  79  78  77  36  56  68  2   88  24  89  12  67  22  90  100 59  13  26  47  14  60  25  50  58  3   49  99  57  38  48  37  27  5   15  4   28  39  16  6   17  40  29  18  19  30  10  20  7   8   9  
62  72  52  61  71  63  53  51  73  82  64  81  83  33  42  43  84  85  75  74  54  55  91  45  41  44  31  86  93  94  95  34  96  76  46  65  92  32  35  23  21  11  97  36  66  56  24  98  87  13  26  70  1   77  78  79  80  47  69  68  25  22  88  14  12  2   89  67  90  100 59  57  58  5   15  27  37  4   60  50  48  3   38  99  49  28  16  6   17  39  40  18  29  7   30  19  10  8   20  9  
63  53  73  64  52  83  75  62  85  82  81  74  43  33  84  72  55  61  54  86  45  44  91  51  94  71  95  93  96  76  65  34  42  32  46  92  41  35  23  97  31  66  56  98  36  87  24  70  77  78  79  80  69  26  13  68  88  47  14  21  12  22  25  89  67  59  11  90  2   100 1   57  58  5   15  60  27  37  50  49  4   99  3   48  38  28  16  6   17  39  40  18  29  7   30  19  10  20  8   9  
64  74  63  75  53  84  85  83  73  82  81  86  52  65  43  55  54  62  94  95  33  45  72  96  76  91  93  71  61  51  44  66  46  97  42  34  92  32  35  98  56  87  80  79  36  67  69  23  78  77  41  70  68  31  88  26  89  24  59  90  47  100 13  50  58  57  60  99  49  12  14  25  22  21  48  2   11  38  37  27  1   15  5   4   28  16  3   39  6   17  40  29  18  19  30  20  10  7   8   9  
65  66  54  55  45  64  56  84  85  75  67  76  46  74  83  53  63  81  82  73  86  35  44  94  95  57  91  52  96  36  43  71  58  33  68  93  70  69  62  26  77  78  79  80  34  59  48  61  38  72  47  51  89  97  90  92  100 49  25  98  87  50  28  42  37  60  27  32  88  24  5   39  15  41  23  99  31  16  6   14  17  29  13  18  21  12  22  40  19  11  30  4   2   20  10  1   7   3   9   8  
66  65  56  67  76  55  54  45  75  84  57  85  86  83  58  68  64  69  74  70  78  79  80  81  82  77  73  46  48  38  59  89  94  95  96  53  100 63  90  91  49  93  35  71  60  50  44  28  88  97  52  37  36  61  47  43  87  39  72  33  98  92  26  62  34  27  99  51  29  25  18  42  32  24  40  19  5   15  30  17  20  10  41  23  31  16  6   14  13  9   22  8   12  21  11  4   2   7   1   3  
67  66  68  80  79  78  77  70  69  57  56  89  58  65  59  100 76  90  48  38  60  50  88  49  54  55  84  87  75  85  45  86  28  83  37  99  98  39  74  82  81  47  64  73  97  46  27  95  94  96  53  91  63  40  71  35  93  44  29  52  36  18  61  72  26  33  43  19  92  34  17  30  62  10  20  51  25  42  16  9   6   32  15  24  5   8   23  7   41  31  14  13  12  22  21  4   2   11  1   3  
68  80  79  78  77  70  69  89  100 90  59  67  60  58  50  49  88  57  38  48  87  76  98  99  66  28  97  39  37  56  86  85  84  75  65  47  83  40  81  82  74  96  27  73  94  95  64  29  63  91  55  54  18  71  93  30  53  19  20  10  45  26  46  17  61  36  52  72  62  92  33  35  43  25  51  9   44  16  6   5   15  24  8   7   42  34  32  14  41  31  23  13  4   21  3   11  12  22  2   1  
80  79  78  77  70  69  68  89  100 90  59  60  58  50  57  88  49  48  38  67  87  76  99  98  28  97  56  66  37  39  85  84  75  86  83  47  40  74  82  81  27  96  95  73  65  94  29  64  63  91  53  19  71  18  93  30  20  10  26  17  46  36  55  54  61  52  72  45  62  35  43  92  33  25  51  9   44  16  15  6   24  5   8   7   42  34  32  14  41  23  31  13  4   21  12  11  22  3   2   1  
80  79  78  77  70  69  68  89  100 90  59  60  58  50  57  88  49  48  38  67  87  76  99  98  28  97  56  66  37  39  85  84  75  86  83  47  40  74  82  81  27  96  95  73  65  94  29  64  63  91  53  19  71  18  93  30  20  10  26  17  46  36  55  54  61  52  72  45  62  35  43  92  33  25  51  9   44  16  15  6   24  5   8   7   42  34  32  14  41  23  31  13  4   21  12  11  22  3   2   1  
71  61  62  81  82  72  83  52  51  75  84  85  73  91  74  86  63  53  95  94  93  64  76  96  41  92  42  31  33  43  54  55  97  65  66  45  44  98  87  21  78  70  11  34  32  80  79  77  69  56  68  46  88  67  89  23  90  35  59  100 1   58  2   60  36  50  24  12  49  57  99  22  13  38  48  26  47  25  14  3   28  5   37  15  39  27  4   40  16  29  6   17  18  19  30  10  20  9   7   8  
72  62  61  52  71  73  63  53  51  83  81  82  74  84  85  64  75  33  43  42  91  54  55  86  95  41  94  44  45  93  76  31  96  34  92  46  65  32  97  35  66  23  21  98  11  56  36  87  70  69  24  80  79  78  77  88  13  26  68  89  67  47  1   90  100 59  2   12  14  22  25  60  50  58  57  15  37  5   27  99  49  4   38  48  3   16  28  6   17  39  40  18  29  30  19  7   20  10  8   9  
73  83  63  84  74  75  81  82  85  53  64  52  72  86  91  71  43  95  62  93  33  94  76  96  55  54  61  44  51  45  92  97  65  42  66  34  32  46  98  87  77  23  70  41  79  80  69  35  78  56  31  68  88  36  89  67  24  59  90  100 26  13  50  58  47  60  57  99  49  12  14  21  22  25  48  2   11  38  1   15  37  27  5   4   28  3   39  16  40  6   17  29  19  30  18  20  10  7   8   9  
74  75  85  64  84  73  83  81  82  86  63  94  95  53  96  76  91  71  93  52  72  54  65  33  55  61  43  62  97  45  92  66  98  44  51  87  77  78  79  69  46  80  70  88  68  34  56  42  67  32  89  35  100 90  59  36  23  41  60  50  31  58  57  99  49  26  48  47  38  24  13  21  22  25  12  14  28  37  11  2   27  1   39  15  5   40  4   16  3   6   17  29  19  30  18  20  10  7   9   8  
84  85  75  83  74  82  81  86  73  64  94  95  96  76  63  91  53  71  93  61  72  52  65  97  33  66  43  62  92  98  55  51  87  54  78  70  69  80  45  44  77  79  56  68  88  67  89  34  59  90  42  100 46  32  60  58  50  41  99  49  57  23  35  31  48  38  36  24  13  26  28  21  47  14  25  37  39  22  11  12  2   1   40  27  15  5   4   29  3   16  19  18  30  20  10  6   17  9   8   7  
76  66  75  84  85  86  83  74  82  81  77  69  70  80  79  78  73  68  65  96  64  56  94  95  67  63  91  89  59  100 90  93  71  53  61  60  97  58  50  52  87  72  57  88  55  49  54  62  98  92  38  33  48  45  43  51  99  46  44  28  37  39  35  34  42  40  32  47  27  36  41  31  23  26  29  30  24  19  18  10  20  13  25  21  17  22  14  12  11  2   15  5   1   9   4   16  6   3   8   7  
80  79  78  77  70  69  68  89  100 90  59  60  58  50  57  88  49  48  38  67  87  76  99  98  28  97  56  66  37  39  85  84  75  86  83  47  40  74  82  81  27  96  95  73  65  94  29  64  63  91  53  19  71  18  93  30  20  10  26  17  46  36  55  54  61  52  72  45  62  35  43  92  33  25  51  9   44  16  15  6   24  5   8   7   42  34  32  14  41  23  31  13  4   21  12  11  22  3   2   1  
80  79  78  77  70  69  68  89  100 90  59  60  58  50  57  88  49  48  38  67  87  76  99  98  28  97  56  66  37  39  85  84  75  86  83  47  40  74  82  81  27  96  95  73  65  94  29  64  63  91  53  19  71  18  93  30  20  10  26  17  46  36  55  54  61  52  72  45  62  35  43  92  33  25  51  9   44  16  15  6   24  5   8   7   42  34  32  14  41  23  31  13  4   21  12  11  22  3   2   1  
80  79  78  77  70  69  68  89  100 90  59  60  58  50  57  88  49  48  38  67  87  76  99  98  28  97  56  66  37  39  85  84  75  86  83  47  40  74  82  81  27  96  95  73  65  94  29  64  63  91  53  19  71  18  93  30  20  10  26  17  46  36  55  54  61  52  72  45  62  35  43  92  33  25  51  9   44  16  15  6   24  5   8   7   42  34  32  14  41  23  31  13  4   21  12  11  22  3   2   1  
80  79  78  77  70  69  68  89  100 90  59  60  58  50  57  88  49  48  38  67  87  76  99  98  28  97  56  66  37  39  85  84  75  86  83  47  40  74  82  81  27  96  95  73  65  94  29  64  63  91  53  19  71  18  93  30  20  10  26  17  46  36  55  54  61  52  72  45  62  35  43  92  33  25  51  9   44  16  15  6   24  5   8   7   42  34  32  14  41  23  31  13  4   21  12  11  22  3   2   1  
81  82  83  75  84  85  73  91  71  74  63  86  53  61  95  94  64  93  96  76  92  62  72  52  33  51  43  97  65  55  54  66  45  98  44  87  80  77  69  79  78  70  56  41  42  34  88  68  89  67  31  46  32  100 90  59  23  35  60  50  58  57  36  99  49  48  38  24  21  11  13  26  47  12  22  14  25  2   28  1   37  39  15  27  5   40  4   3   16  29  6   19  18  17  30  10  20  9   7   8  
81  82  83  75  84  85  73  91  71  74  63  86  53  61  95  94  64  93  96  76  92  62  72  52  33  51  43  97  65  55  54  66  45  98  44  87  80  77  69  79  78  70  56  41  42  34  88  68  89  67  31  46  32  100 90  59  23  35  60  50  58  57  36  99  49  48  38  24  21  11  13  26  47  12  22  14  25  2   28  1   37  39  15  27  5   40  4   3   16  29  6   19  18  17  30  10  20  9   7   8  
83  75  81  82  84  85  73  74  63  91  86  64  53  71  93  94  95  96  76  61  52  72  33  92  43  62  97  65  66  54  51  55  98  45  44  87  78  77  70  69  80  79  88  56  68  34  42  67  46  89  32  100 90  41  59  35  31  23  60  50  58  57  36  99  49  48  38  24  13  26  47  21  11  12  22  14  25  2   28  1   37  39  15  27  5   40  4   3   16  29  6   19  18  17  30  10  20  9   7   8  
84  85  75  83  74  82  81  86  73  64  94  95  96  76  63  91  53  71  93  61  72  52  65  97  33  66  43  62  92  98  55  51  87  54  78  70  69  80  45  44  77  79  56  68  88  67  89  34  59  90  42  100 46  32  60  58  50  41  99  49  57  23  35  31  48  38  36  24  13  26  28  21  47  14  25  37  39  22  11  12  2   1   40  27  15  5   4   29  3   16  19  18  30  20  10  6   17  9   8   7  
84  85  75  83  74  82  81  86  73  64  94  95  96  76  63  91  53  71  93  61  72  52  65  97  33  66  43  62  92  98  55  51  87  54  78  70  69  80  45  44  77  79  56  68  88  67  89  34  59  90  42  100 46  32  60  58  50  41  99  49  57  23  35  31  48  38  36  24  13  26  28  21  47  14  25  37  39  22  11  12  2   1   40  27  15  5   4   29  3   16  19  18  30  20  10  6   17  9   8   7  
86  75  84  85  96  83  76  81  82  74  95  94  73  64  91  97  63  53  93  71  87  66  98  88  61  72  65  52  77  43  92  62  79  78  80  33  69  70  68  56  55  89  51  54  67  90  45  44  59  100 60  58  50  99  49  57  42  34  48  46  32  38  41  31  35  23  36  28  24  37  39  26  13  40  47  21  11  27  14  22  12  25  2   1   29  15  5   18  19  4   30  20  10  3   17  16  6   9   8   7  
87  88  98  97  79  80  70  69  77  78  89  86  68  90  100 59  96  75  84  85  94  95  58  60  83  99  50  57  82  81  76  74  49  48  38  73  67  64  63  91  93  53  71  66  28  37  39  61  56  65  52  72  62  40  33  92  43  47  27  54  55  51  44  45  29  30  19  18  42  10  20  34  26  46  17  36  32  41  31  35  23  25  9   16  24  5   13  6   15  21  8   7   11  12  14  22  2   1   4   3  
88  87  98  97  70  77  78  79  80  69  68  89  90  100 96  59  94  95  86  58  60  99  50  57  49  48  67  38  75  76  84  85  83  74  82  81  93  73  28  37  39  56  66  64  91  63  53  40  71  47  27  92  61  65  52  72  29  62  33  43  19  30  18  20  26  10  55  54  51  17  44  36  45  46  35  34  25  42  32  9   16  41  5   6   24  15  23  31  8   7   13  14  21  11  22  12  2   4   1   3  
89  100 90  80  79  78  77  70  69  68  59  88  60  58  99  50  57  49  87  67  48  38  98  76  97  28  39  56  66  37  85  84  86  75  96  83  40  47  74  94  81  82  95  27  73  65  64  29  63  91  18  53  19  30  71  93  20  26  10  61  17  55  54  36  46  52  45  72  33  35  92  43  62  25  9   51  16  44  15  6   5   24  8   7   34  42  32  14  41  31  23  13  4   21  3   11  12  22  2   1  
100 90  89  80  79  78  77  70  69  68  59  88  60  58  99  50  57  49  87  67  48  38  98  76  97  28  39  56  66  37  85  84  86  75  96  83  40  47  74  94  81  82  95  27  73  65  64  29  63  91  18  53  19  30  71  93  20  26  10  61  17  55  54  36  46  52  45  72  33  35  92  43  62  25  9   51  16  44  15  6   5   24  8   7   34  42  32  14  41  31  23  13  4   21  3   11  12  22  2   1  
91  81  82  83  75  84  85  73  71  74  63  86  53  61  95  94  64  92  93  96  76  62  72  52  33  51  43  97  65  55  54  66  45  98  44  87  80  77  69  79  78  70  56  41  42  34  88  68  89  67  31  46  32  100 90  59  23  35  60  50  58  57  36  99  49  48  38  24  21  11  13  26  47  12  22  14  25  2   28  1   37  39  15  27  5   40  4   3   16  29  6   19  18  17  30  10  20  9   7   8  
92  93  81  82  83  91  75  84  85  73  71  74  94  95  86  96  63  53  64  61  76  62  72  97  52  51  43  33  65  98  54  55  66  45  44  87  88  80  79  78  77  69  70  42  68  34  56  41  46  32  31  89  67  100 90  59  35  23  99  50  58  60  36  57  49  48  38  24  21  11  13  26  47  12  22  14  25  2   28  1   37  39  15  27  5   40  4   3   16  29  6   19  18  17  30  10  20  9   7   8  
93  83  92  75  84  85  81  82  95  73  94  74  96  86  63  91  53  64  71  76  97  61  52  72  98  43  62  33  65  54  66  51  55  45  44  88  87  79  78  77  80  69  70  68  56  34  42  32  67  46  89  100 41  90  99  59  35  31  23  50  58  60  36  57  49  48  38  24  13  26  47  21  11  12  22  14  25  2   28  1   37  39  15  27  5   40  4   3   16  29  6   19  18  17  30  10  20  9   7   8  
95  94  96  84  85  75  83  97  86  81  82  74  93  98  73  64  91  63  76  53  71  88  92  61  87  65  72  52  62  33  43  66  99  51  55  69  70  54  77  78  80  79  45  68  44  89  90  56  100 59  67  42  34  60  58  50  32  46  57  41  49  35  38  23  48  31  36  24  13  28  26  39  37  47  21  11  14  12  22  25  2   40  1   27  15  5   29  4   3   19  18  30  20  16  10  6   17  9   8   7  
95  94  96  84  85  75  83  97  86  81  82  74  93  98  73  64  91  63  76  53  71  88  92  61  87  65  72  52  62  33  43  66  99  51  55  69  70  54  77  78  80  79  45  68  44  89  90  56  100 59  67  42  34  60  58  50  32  46  57  41  49  35  38  23  48  31  36  24  13  28  26  39  37  47  21  11  14  12  22  25  2   40  1   27  15  5   29  4   3   19  18  30  20  16  10  6   17  9   8   7  
96  95  94  97  86  75  84  85  98  83  81  82  74  73  93  76  64  88  91  63  71  53  87  92  61  99  52  72  65  66  43  62  78  77  33  69  70  79  80  68  89  51  54  55  100 90  56  59  45  44  67  58  60  50  49  57  42  34  48  46  32  38  41  31  35  23  36  28  24  37  39  26  13  40  47  21  11  27  14  22  12  25  2   1   29  15  5   18  19  4   30  20  10  3   17  16  6   9   8   7  
97  98  96  95  94  88  87  86  75  84  85  83  99  74  70  69  77  78  79  80  81  82  68  73  93  89  76  64  90  100 91  63  59  71  53  60  58  50  61  49  57  92  67  66  65  72  38  48  52  33  43  62  54  51  55  28  45  44  56  37  39  34  47  42  40  46  32  27  41  23  29  31  35  36  30  19  18  26  24  10  20  13  17  21  14  12  11  22  25  2   1   9   5   16  15  4   6   3   8   7  
98  97  88  87  96  95  94  99  78  77  70  80  79  69  68  86  89  75  100 84  85  90  83  59  74  81  82  58  73  93  60  50  64  76  49  57  91  38  67  48  63  71  53  92  61  66  65  72  28  52  62  56  33  43  39  37  51  40  54  47  55  45  44  27  29  42  34  46  30  19  32  18  20  26  10  41  36  31  17  35  23  24  25  9   13  21  16  11  14  15  22  6   5   12  8   2   7   1   4   3  
99  89  90  100 98  80  78  77  70  69  79  97  68  88  59  87  58  60  96  50  49  95  94  57  67  48  38  76  86  84  85  75  28  83  39  66  56  37  74  81  82  73  93  40  64  47  63  27  91  71  65  53  29  61  92  52  18  30  19  72  26  20  62  10  33  43  54  55  36  17  46  45  51  44  35  25  9   16  42  34  24  32  6   15  5   41  8   31  23  7   14  13  21  12  22  4   11  2   1   3  
100 90  89  80  79  78  77  70  69  68  59  88  60  58  99  50  57  49  87  67  48  38  98  76  97  28  39  56  66  37  85  84  86  75  96  83  40  47  74  94  81  82  95  27  73  65  64  29  63  91  18  53  19  30  71  93  20  26  10  61  17  55  54  36  46  52  45  72  33  35  92  43  62  25  9   51  16  44  15  6   5   24  8   7   34  42  32  14  41  31  23  13  4   21  3   11  12  22  2   1  
