1   11  2   3   4   13  12  5   22  14  23  21  31  33  6   15  32  7   16  41  34  42  53  24  25  63  52  43  26  51  44  17  8   36  19  18  9   35  45  65  64  27  55  47  46  54  48  74  75  20  73  38  62  66  58  72  61  67  10  68  28  39  77  37  69  84  56  29  78  49  30  40  83  57  88  76  82  71  94  79  85  59  98  50  81  87  92  95  89  93  99  86  70  96  91  60  90  80  100 97 
2   3   4   13  12  5   22  1   23  14  21  31  11  33  15  32  6   7   16  34  41  42  53  24  25  63  52  43  26  51  44  17  8   36  19  18  9   35  45  65  64  27  55  47  46  54  48  74  75  20  73  38  62  66  58  72  61  67  10  68  28  39  77  37  69  84  56  29  78  49  30  40  83  57  88  76  82  71  94  79  85  59  98  50  81  87  92  95  89  93  99  86  70  96  91  60  90  80  100 97 
3   2   4   13  5   12  22  14  21  23  1   15  31  6   11  33  7   32  16  25  34  41  42  26  24  17  8   36  63  19  18  43  53  52  44  9   51  35  27  45  20  46  64  55  65  54  47  74  75  48  38  73  10  66  28  58  62  67  68  72  40  61  37  30  29  77  39  78  56  49  69  84  57  83  71  82  88  76  94  85  50  79  59  81  98  87  92  95  60  89  93  99  70  86  96  91  90  80  100 97 
4   3   2   5   13  12  14  22  6   15  1   23  21  7   31  11  33  16  32  25  24  26  17  8   19  18  36  34  42  41  9   53  43  63  52  35  44  51  27  20  45  54  47  46  10  55  64  65  74  48  75  28  37  73  40  29  30  38  58  62  66  68  67  61  72  39  77  78  69  56  84  49  83  50  57  76  82  71  88  79  85  94  59  60  98  81  87  92  95  99  89  93  96  70  86  91  90  80  100 97 
5   4   3   2   13  12  6   15  7   22  16  14  21  25  1   23  11  17  31  26  8   24  33  36  34  19  18  32  9   35  27  20  42  41  63  53  52  44  43  51  46  47  10  45  48  28  55  38  37  65  30  29  40  64  58  74  75  68  54  67  66  77  39  56  73  69  78  49  50  62  57  88  72  61  84  79  59  98  83  60  76  87  94  82  71  85  99  89  70  81  95  92  93  90  96  86  80  100 91  97 
6   7   16  17  8   26  36  15  18  5   19  9   25  4   35  24  27  34  3   2   13  20  14  10  47  46  12  33  28  45  48  44  55  40  38  37  65  30  29  58  23  43  22  64  75  74  68  67  42  41  39  21  63  66  77  1   53  52  54  32  69  31  51  78  11  56  49  50  57  88  79  84  59  73  60  76  98  94  87  85  62  99  89  83  72  61  82  70  95  93  81  90  71  96  86  80  92  100 97  91 
7   6   16  17  8   19  18  26  9   36  15  5   25  4   24  35  34  20  27  3   2   13  10  28  46  14  29  30  40  47  12  45  33  48  65  44  38  55  37  43  58  23  22  64  67  68  41  42  74  75  66  77  63  1   50  53  21  52  39  56  54  11  31  69  32  78  51  49  57  88  60  79  84  59  98  73  76  94  87  85  99  89  83  62  72  61  82  70  95  93  81  86  71  90  96  92  80  100 97  91 
8   18  19  9   7   20  6   17  10  28  16  29  30  40  26  15  36  5   25  24  50  35  4   38  27  3   39  34  48  49  2   46  13  47  60  58  45  65  55  67  14  12  68  66  77  64  33  44  69  74  78  37  75  23  22  43  41  54  42  56  57  59  88  79  1   63  53  52  21  32  31  51  11  98  84  87  70  99  76  89  73  94  85  72  83  82  95  90  62  80  93  61  100 81  71  96  86  92  97  91 
9   19  18  8   20  7   6   10  17  28  29  40  30  16  26  50  36  5   15  38  39  27  25  48  49  35  24  4   3   47  34  46  45  60  58  2   65  55  67  68  13  77  66  64  75  78  74  14  69  44  12  43  33  37  88  57  59  54  41  42  56  53  52  63  79  22  23  51  98  84  1   21  70  11  32  87  31  73  89  76  99  85  94  72  83  82  95  80  62  90  93  100 61  71  81  96  86  97  92  91 
10  20  18  19  29  30  8   9   40  28  7   50  17  6   39  49  38  60  27  16  48  47  46  58  45  26  15  5   65  36  55  68  67  25  77  66  59  64  35  69  4   78  75  74  44  24  37  43  3   34  56  57  88  42  2   41  54  53  52  79  63  13  70  51  98  12  14  84  33  87  73  89  76  99  23  31  32  94  80  85  22  72  83  21  1   82  62  90  95  11  93  61  100 86  81  71  96  92  97  91 
11  12  1   13  21  22  2   31  3   4   23  32  33  5   14  42  41  52  53  63  43  51  34  44  24  25  15  6   45  7   46  47  54  55  26  65  64  36  74  16  75  48  35  38  73  66  58  62  61  8   72  68  27  17  67  39  37  18  19  77  69  84  78  56  9   49  57  83  76  82  88  71  85  79  94  28  59  20  40  30  29  81  98  92  87  10  95  93  50  99  89  86  70  96  91  90  60  80  100 97 
12  2   22  13  3   4   21  23  31  11  5   33  32  14  1   41  34  42  43  52  53  63  24  51  44  6   25  15  7   26  35  36  45  16  65  64  55  54  47  46  74  48  75  38  73  27  17  8   19  66  62  18  58  61  68  67  9   72  77  37  39  78  69  49  84  56  83  57  88  71  82  76  20  94  85  28  79  59  10  40  81  29  98  30  87  92  95  93  50  99  89  86  70  96  91  90  60  80  100 97 
13  3   2   4   12  14  5   22  23  21  33  31  11  32  1   15  6   7   34  24  16  42  41  25  52  53  63  43  44  26  51  8   17  36  19  35  18  45  9   65  54  55  64  27  46  47  74  75  48  73  38  58  66  62  20  67  61  68  72  77  10  39  37  56  49  78  84  69  28  83  29  57  40  30  76  82  71  88  94  85  79  59  98  81  95  92  50  87  89  93  99  86  70  96  91  60  90  80  100 97 
14  13  3   15  2   4   12  24  5   34  25  22  16  23  26  36  21  33  31  6   11  35  7   32  44  27  1   43  42  41  52  53  45  17  63  47  46  8   65  55  51  18  19  54  48  64  37  9   75  74  38  28  66  58  67  68  39  29  30  77  40  20  73  69  56  49  78  62  57  84  61  72  88  10  79  76  94  85  50  59  83  98  82  87  71  99  95  89  70  60  93  96  86  81  92  90  80  100 91  97 
15  16  25  24  14  26  5   6   34  7   36  4   35  3   2   27  33  13  17  8   44  43  19  18  12  23  46  47  41  42  9   22  52  45  63  48  53  55  37  32  65  38  51  54  58  64  28  21  67  68  75  1   31  74  20  40  39  77  11  66  29  30  10  69  49  78  56  57  88  73  62  79  84  50  61  72  59  76  98  87  94  85  89  99  83  71  82  60  70  95  93  81  90  96  86  80  92  100 97  91 
16  26  6   15  7   36  25  24  35  27  34  17  8   18  19  5   9   14  47  46  33  45  4   48  55  65  3   44  38  37  43  58  23  64  2   28  42  67  68  41  74  75  13  20  39  66  40  53  52  22  29  30  77  63  69  51  78  54  10  56  12  32  49  57  21  88  31  84  79  59  50  98  76  1   73  87  11  94  85  89  99  83  72  62  60  61  82  70  95  93  81  86  71  90  96  92  80  100 97  91 
17  7   6   19  18  8   9   16  27  26  36  20  15  5   25  24  10  35  4   28  34  29  30  3   40  2   37  13  14  46  47  48  12  45  33  55  44  65  50  38  43  64  23  39  58  41  42  74  75  22  49  68  67  66  63  53  52  77  78  69  1   60  56  54  51  32  21  11  31  57  88  84  79  59  73  98  76  85  87  94  89  83  62  72  99  61  70  82  95  93  96  81  90  86  71  80  92  100 97  91 
19  18  8   9   20  7   6   10  17  28  29  40  30  16  26  50  36  5   15  38  39  27  25  48  49  35  24  4   3   47  34  46  45  60  58  2   65  55  67  68  13  77  66  64  75  78  74  14  69  44  12  43  33  37  88  57  59  54  41  42  56  53  52  63  79  22  23  51  98  84  1   21  70  11  32  87  31  73  89  76  99  85  94  72  83  82  95  80  62  90  93  100 61  71  81  96  86  97  92  91 
19  18  8   9   20  7   6   10  17  28  29  40  30  16  26  50  36  5   15  38  39  27  25  48  49  35  24  4   3   47  34  46  45  60  58  2   65  55  67  68  13  77  66  64  75  78  74  14  69  44  12  43  33  37  88  57  59  54  41  42  56  53  52  63  79  22  23  51  98  84  1   21  70  11  32  87  31  73  89  76  99  85  94  72  83  82  95  80  62  90  93  100 61  71  81  96  86  97  92  91 
20  10  18  19  29  30  8   9   40  28  7   50  17  6   39  49  38  60  27  16  48  47  46  58  45  26  15  5   65  36  55  68  67  25  77  66  59  64  35  69  4   78  75  74  44  24  37  43  3   34  56  57  88  42  2   41  54  53  52  79  63  13  70  51  98  12  14  84  33  87  73  89  76  99  23  31  32  94  80  85  22  72  83  21  1   82  62  90  95  11  93  61  100 86  81  71  96  92  97  91 
21  31  22  32  23  12  33  42  41  43  2   52  63  53  13  11  3   44  51  4   34  45  5   24  47  46  25  54  55  64  14  65  75  48  74  73  38  26  58  62  66  1   36  35  72  68  67  61  16  39  37  77  15  78  6   69  84  56  49  27  83  7   57  71  82  88  76  85  79  94  28  59  29  98  30  81  40  8   92  95  17  87  89  93  50  99  19  18  86  70  96  9   91  60  90  20  80  100 10  97 
22  23  21  31  12  33  32  2   13  3   4   34  11  41  42  24  43  52  53  63  5   51  25  14  44  26  36  35  45  1   54  65  64  46  55  47  74  16  15  75  48  38  6   27  73  7   62  58  66  61  68  72  67  39  37  77  69  78  56  84  49  57  83  82  76  71  17  8   88  94  79  18  19  85  28  9   59  81  29  30  98  40  95  92  87  89  93  50  99  70  20  96  86  91  10  90  60  80  100 97 
23  22  33  21  31  12  34  32  13  2   24  3   25  43  4   44  26  42  41  11  52  53  14  5   36  35  63  51  16  15  45  65  46  55  47  27  54  64  48  1   38  75  74  6   66  7   58  73  68  67  39  77  62  37  69  78  56  72  61  49  17  28  84  57  8   88  19  79  83  76  29  30  40  18  71  59  9   94  85  82  98  87  89  95  50  99  81  70  92  93  20  86  96  10  60  90  91  80  100 97 
24  34  25  26  36  33  35  16  15  44  27  23  43  14  41  42  6   63  22  7   53  52  45  46  55  51  65  32  47  21  54  48  64  38  75  74  37  31  5   12  66  13  58  17  28  68  67  4   8   3   19  18  2   29  30  40  39  77  69  9   56  78  49  73  62  57  84  61  72  11  88  79  76  50  94  59  85  20  98  83  82  10  71  87  95  89  1   99  93  70  60  81  96  86  92  90  80  100 91  97 
25  24  34  26  36  35  15  16  27  33  6   44  7   43  23  41  46  47  42  14  48  22  63  52  53  45  5   65  51  38  37  32  55  58  28  64  17  21  54  74  68  75  4   67  8   12  31  77  3   18  13  40  39  29  66  19  30  69  56  9   49  2   78  57  73  88  79  84  62  61  72  59  20  11  50  98  76  94  10  87  85  89  99  83  1   71  70  60  82  95  93  86  81  90  96  80  92  100 97  91 
26  36  25  35  24  16  34  27  6   7   15  47  46  48  33  45  55  65  38  44  37  28  43  17  23  64  58  75  74  68  14  41  8   42  67  52  53  22  77  29  63  40  39  19  18  5   30  66  69  56  54  9   78  32  49  51  4   57  21  3   12  88  31  2   13  84  79  50  20  59  98  73  76  10  87  94  85  72  99  89  62  83  11  61  60  70  82  95  93  96  1   90  86  81  71  92  80  100 97  91 
27  26  36  25  24  28  35  16  34  40  37  29  17  30  6   15  7   47  46  48  33  45  55  38  65  44  50  20  64  19  18  23  58  39  43  49  68  67  75  8   9   74  41  14  42  66  63  77  53  52  22  10  5   78  69  54  56  32  60  51  21  57  4   31  3   12  88  84  13  2   79  59  73  98  76  85  94  87  62  99  72  83  89  70  61  11  82  95  93  96  1   90  86  81  71  92  80  100 97  91 
28  40  30  29  50  38  27  48  39  20  19  18  47  49  46  9   8   10  45  58  26  65  55  68  67  60  36  66  77  64  74  75  78  69  25  44  7   35  37  43  24  16  56  54  88  57  42  41  34  6   17  79  52  53  63  59  51  98  15  84  87  89  99  33  76  70  73  85  31  94  32  5   72  83  23  21  82  14  4   90  95  22  62  93  100 80  61  3   86  71  96  2   81  13  92  12  97  91  11  1  
40  30  29  28  50  20  39  49  10  27  18  60  19  38  48  9   8   46  47  45  58  65  68  67  55  26  66  77  59  64  36  7   25  69  74  75  44  78  43  35  6   24  37  16  17  41  42  88  34  57  56  54  79  70  63  53  52  51  84  98  15  87  89  33  99  76  73  85  80  5   31  94  32  72  83  21  23  4   14  82  22  62  95  3   90  93  100 61  2   81  71  13  96  86  92  12  97  91  11  1  
40  30  29  28  50  20  39  49  10  27  18  60  19  38  48  9   8   46  47  45  58  65  68  67  55  26  66  77  59  64  36  7   25  69  74  75  44  78  43  35  6   24  37  16  17  41  42  88  34  57  56  54  79  70  63  53  52  51  84  98  15  87  89  33  99  76  73  85  80  5   31  94  32  72  83  21  23  4   14  82  22  62  95  3   90  93  100 61  2   81  71  13  96  86  92  12  97  91  11  1  
31  21  32  22  23  42  12  41  43  53  63  33  52  51  44  13  2   11  3   4   45  55  54  46  64  65  47  34  5   74  48  75  24  38  73  25  14  66  58  62  61  26  67  68  72  77  1   39  37  36  35  49  69  56  84  78  57  15  16  83  71  27  88  6   76  82  85  28  94  79  7   59  98  40  81  29  30  87  95  92  93  89  50  99  70  8   86  96  17  91  18  19  9   20  60  90  80  100 10  97 
32  31  21  22  33  42  41  53  43  52  63  23  12  51  44  34  2   13  45  24  64  25  47  65  11  54  55  3   46  48  74  75  4   26  73  38  62  66  36  35  58  5   61  67  68  14  72  77  15  39  37  16  84  69  78  56  27  49  83  1   57  71  6   76  88  82  28  85  94  7   79  59  29  40  81  98  30  92  95  87  89  93  50  99  17  70  8   86  96  91  18  19  9   20  60  90  80  100 10  97 
33  23  22  34  32  24  21  31  25  12  43  42  44  41  26  13  53  2   36  35  52  63  51  3   45  4   15  16  55  27  47  46  11  65  48  54  14  64  5   74  75  38  6   58  66  7   67  68  73  62  77  1   39  37  49  78  56  72  69  61  17  28  84  57  8   88  29  79  83  76  30  40  18  19  59  9   94  85  82  71  98  87  95  89  50  99  81  70  92  93  20  86  96  10  60  90  91  80  100 97 
34  24  25  26  36  35  33  44  43  23  16  15  27  41  42  45  53  52  22  63  55  46  6   65  32  47  51  14  48  21  64  54  7   31  75  12  38  74  66  58  67  68  37  13  5   39  2   28  77  17  3   69  4   8   56  73  49  78  57  30  29  18  40  62  19  84  88  61  72  11  9   79  76  85  94  59  98  83  20  87  82  71  50  89  95  1   99  70  93  10  81  96  86  92  60  90  80  100 91  97 
35  36  26  25  34  24  45  16  27  46  65  47  55  48  64  75  44  6   38  74  15  58  33  66  7   43  37  41  67  68  54  42  63  53  52  39  77  23  78  69  56  51  49  17  84  57  22  28  88  8   14  32  5   76  79  19  29  18  21  73  40  30  9   31  85  59  12  94  83  4   72  98  82  13  3   87  89  50  95  62  2   99  93  20  70  61  86  71  96  81  10  92  11  90  60  100 80  91  97  1  
36  26  35  25  24  16  27  34  47  6   46  7   48  15  45  55  65  38  37  64  58  33  67  68  44  75  74  77  66  39  43  23  17  28  49  54  8   14  42  41  56  78  69  57  18  63  22  53  52  5   30  19  29  40  51  88  32  9   79  84  4   21  3   31  12  59  76  73  98  13  2   87  85  50  94  20  89  99  83  72  70  10  82  62  95  11  93  60  61  81  90  96  86  71  100 80  92  1   97  91 
37  46  47  45  48  65  55  38  58  64  36  27  67  68  44  74  75  43  77  39  26  66  56  54  35  78  69  49  42  41  52  53  57  63  25  88  24  51  16  84  79  28  34  59  76  30  40  29  98  73  6   94  32  87  85  31  7   15  72  83  50  17  99  33  89  21  82  70  95  62  22  23  61  93  71  19  18  14  90  8   81  60  96  20  86  92  100 12  9   5   80  10  4   97  13  91  3   2   11  1  
38  48  47  46  58  39  45  67  65  55  68  49  66  64  77  44  69  74  75  78  43  28  37  54  41  56  57  88  42  35  79  36  40  29  52  63  30  53  26  51  59  84  50  98  34  25  87  24  99  76  89  73  16  32  31  27  70  85  94  33  72  83  18  19  20  21  60  6   82  8   9   10  90  15  22  95  23  7   62  93  100 80  61  71  86  81  96  12  97  92  17  14  2   91  5   13  3   11  4   1  
39  49  38  48  46  47  40  30  45  58  29  55  65  67  68  64  66  77  59  28  50  78  74  44  75  69  43  37  54  42  41  88  57  56  35  36  60  53  52  79  20  63  26  51  10  84  98  87  25  27  34  19  18  76  73  24  89  8   16  99  9   31  32  85  94  70  33  21  72  83  82  6   7   62  90  15  23  95  22  93  100 80  61  71  17  86  81  96  12  97  92  14  2   91  5   13  3   11  4   1  
40  30  29  28  50  20  39  49  10  27  18  60  19  38  48  9   8   46  47  45  58  65  68  67  55  26  66  77  59  64  36  7   25  69  74  75  44  78  43  35  6   24  37  16  17  41  42  88  34  57  56  54  79  70  63  53  52  51  84  98  15  87  89  33  99  76  73  85  80  5   31  94  32  72  83  21  23  4   14  82  22  62  95  3   90  93  100 61  2   81  71  13  96  86  92  12  97  91  11  1  
42  41  53  43  52  63  51  44  45  31  54  47  46  55  32  65  64  48  75  21  74  73  38  34  22  33  66  58  62  24  67  25  72  61  68  37  77  35  23  39  84  49  12  69  78  56  26  36  83  57  71  82  76  88  13  79  15  16  94  85  28  2   11  3   59  27  4   29  30  81  40  98  6   87  95  14  92  7   99  5   89  93  50  70  86  96  91  90  1   60  20  19  18  17  9   8   80  100 10  97 
42  41  53  43  52  63  51  44  45  31  54  47  46  55  32  65  64  48  75  21  74  73  38  34  22  33  66  58  62  24  67  25  72  61  68  37  77  35  23  39  84  49  12  69  78  56  26  36  83  57  71  82  76  88  13  79  15  16  94  85  28  2   11  3   59  27  4   29  30  81  40  98  6   87  95  14  92  7   99  5   89  93  50  70  86  96  91  90  1   60  20  19  18  17  9   8   80  100 10  97 
43  41  42  44  63  53  52  51  45  47  65  55  46  48  54  64  74  34  32  31  38  75  24  66  58  21  33  73  25  68  67  62  77  39  37  22  35  23  72  69  26  61  78  49  56  84  57  36  12  88  76  16  28  83  79  15  85  82  94  59  27  71  40  2   30  29  98  13  6   87  14  3   11  89  81  50  99  4   7   95  93  92  70  5   86  96  18  19  20  90  91  17  60  100 9   8   80  10  1   97 
44  43  41  42  45  52  63  53  47  51  46  65  55  64  48  54  38  75  34  74  58  66  24  25  67  68  32  31  39  37  33  35  77  21  73  69  56  26  78  49  84  62  22  23  36  57  88  72  61  79  16  15  76  28  12  94  27  85  59  29  83  30  40  98  82  6   14  87  71  89  50  95  99  2   13  7   93  3   11  70  4   86  81  96  92  5   17  18  19  20  90  60  100 80  9   8   10  91  97  1  
45  65  46  47  55  64  48  38  75  74  44  43  66  58  42  41  54  67  68  53  52  63  77  39  37  35  51  49  56  69  78  57  36  84  34  88  26  73  24  79  28  76  59  25  94  85  31  32  72  98  16  33  40  30  21  29  83  82  27  87  95  89  50  62  99  22  23  61  93  6   70  96  81  7   15  86  71  92  12  19  90  60  20  18  100 14  9   8   80  17  13  10  91  2   11  3   97  5   4   1  
47  46  48  45  55  65  38  64  58  67  75  74  44  68  66  37  43  77  39  41  49  54  42  56  78  69  53  63  52  57  35  36  26  51  88  28  84  79  25  59  34  98  29  30  16  24  73  76  40  94  32  31  85  87  27  72  50  83  33  89  99  21  6   82  70  95  7   22  62  23  15  61  93  71  86  18  19  60  20  96  81  90  92  100 12  9   8   80  17  10  14  97  13  91  5   2   11  3   4   1  
47  46  48  45  55  65  38  64  58  67  75  74  44  68  66  37  43  77  39  41  49  54  42  56  78  69  53  63  52  57  35  36  26  51  88  28  84  79  25  59  34  98  29  30  16  24  73  76  40  94  32  31  85  87  27  72  50  83  33  89  99  21  6   82  70  95  7   22  62  23  15  61  93  71  86  18  19  60  20  96  81  90  92  100 12  9   8   80  17  10  14  97  13  91  5   2   11  3   4   1  
48  38  46  47  45  58  65  55  68  67  66  64  77  39  49  69  74  75  44  78  43  37  41  54  88  56  42  57  79  35  36  52  63  53  28  51  26  59  29  30  84  98  40  87  25  34  99  50  73  24  76  16  89  94  70  85  27  31  32  83  72  33  21  82  6   19  90  7   20  62  60  15  95  23  22  18  93  80  100 61  9   8   86  10  81  71  96  12  97  92  17  14  2   91  5   13  3   11  4   1  
49  39  38  48  47  46  50  59  58  45  30  29  40  55  68  67  65  28  64  77  66  74  69  78  44  75  43  60  37  41  54  42  57  56  88  53  35  36  52  79  63  20  26  51  98  10  84  87  27  34  18  19  25  99  8   9   16  89  73  24  76  85  94  31  32  70  21  72  33  83  6   82  95  7   90  23  22  15  62  93  100 80  61  71  17  86  81  96  12  97  92  14  2   91  5   13  3   11  4   1  
50  60  40  30  29  49  28  39  59  38  20  48  46  47  70  10  27  45  18  58  19  55  69  68  65  9   67  8   66  64  77  78  75  44  74  43  37  26  79  80  36  41  42  88  56  54  57  53  52  35  25  7   63  6   16  17  51  24  99  98  89  84  34  87  73  76  32  85  15  90  94  31  83  100 33  21  72  82  62  23  22  95  5   93  61  4   96  71  81  86  14  97  3   12  92  2   13  91  11  1  
51  42  41  53  43  52  63  44  45  31  54  47  46  55  32  65  64  61  48  75  74  21  73  38  34  22  33  66  62  24  58  67  25  72  68  37  77  23  35  39  84  49  12  69  78  56  26  71  36  83  57  82  76  88  13  79  15  16  94  85  28  2   11  3   59  27  4   29  30  81  40  98  6   87  95  14  92  7   99  5   89  93  50  70  86  96  91  90  1   60  20  19  18  17  9   8   80  100 10  97 
53  52  63  41  42  43  44  51  54  64  55  45  65  75  74  47  32  31  73  46  48  21  62  38  72  34  66  22  68  67  33  58  24  61  77  84  25  39  37  78  69  83  35  23  71  12  49  56  76  82  26  88  85  57  36  94  79  16  2   59  13  28  81  15  3   92  98  95  27  11  40  30  87  4   93  29  86  89  99  14  96  6   91  7   5   70  50  60  90  1   20  19  18  17  80  100 9   97  8   10 
53  52  63  41  42  43  44  51  54  64  55  45  65  75  74  47  32  31  73  46  48  21  62  38  72  34  66  22  68  67  33  58  24  61  77  84  25  39  37  78  69  83  35  23  71  12  49  56  76  82  26  88  85  57  36  94  79  16  2   59  13  28  81  15  3   92  98  95  27  11  40  30  87  4   93  29  86  89  99  14  96  6   91  7   5   70  50  60  90  1   20  19  18  17  80  100 9   97  8   10 
54  64  55  75  74  65  44  45  52  53  63  41  42  46  47  43  66  48  67  51  38  68  58  77  84  69  78  34  39  56  73  35  76  37  57  49  85  24  32  31  88  94  83  62  79  21  25  36  72  33  26  82  59  22  98  28  95  93  61  87  23  99  29  71  86  89  81  30  40  16  96  92  70  15  27  12  50  6   2   7   91  13  14  90  60  100 11  3   80  20  19  18  4   97  9   8   17  10  5   1  
65  55  64  45  46  47  75  74  66  48  67  44  38  54  68  58  43  77  78  41  42  53  52  63  69  37  35  39  84  56  49  51  88  57  79  36  73  76  59  34  94  26  85  98  28  72  24  83  32  87  82  25  31  21  33  99  16  29  89  30  95  40  27  93  62  70  71  50  23  22  86  96  81  92  6   61  60  15  90  7   100 80  12  20  91  18  19  14  9   8   97  13  10  2   17  11  3   5   4   1  
56  57  47  46  58  45  48  55  68  65  67  77  38  64  66  78  69  74  75  44  54  37  88  43  39  79  41  42  49  36  35  52  53  59  63  26  84  98  51  87  28  99  34  89  25  76  73  70  30  29  24  94  16  85  40  32  31  27  72  83  33  82  21  50  90  6   95  60  80  93  100 62  23  22  7   15  96  71  81  86  61  18  97  92  19  20  9   8   12  10  17  91  14  5   13  2   3   11  4   1  
57  56  58  68  67  66  48  47  46  77  55  45  38  69  65  78  64  75  74  88  44  79  39  59  37  54  43  49  41  42  98  35  36  52  53  63  87  89  84  28  26  99  76  51  70  40  29  25  73  30  34  94  16  24  85  83  32  90  31  60  27  72  50  82  80  100 33  21  6   86  95  62  93  7   97  15  22  23  19  96  20  71  81  18  61  92  9   8   10  12  17  91  14  13  2   5   11  3   4   1  
58  67  68  66  77  48  78  38  46  47  69  45  88  55  57  65  56  39  64  79  49  59  44  74  75  98  37  43  42  41  87  54  89  36  53  63  76  52  28  99  35  26  51  70  30  29  84  40  34  25  60  24  73  16  90  50  80  85  94  100 32  31  27  33  86  21  72  83  6   82  97  95  15  18  20  22  23  62  7   19  61  9   93  8   96  10  71  81  12  92  17  14  5   91  13  2   11  3   4   1  
59  69  67  68  66  49  58  77  60  79  39  78  48  47  38  55  88  46  65  99  45  50  64  89  74  57  70  75  56  98  40  87  44  30  29  54  76  37  90  43  52  80  53  63  100 41  42  28  36  35  84  51  26  73  25  94  85  34  20  24  86  83  72  16  27  97  82  31  10  32  21  33  19  95  18  9   62  8   6   93  7   96  23  71  15  22  81  61  92  12  17  91  14  5   13  2   11  3   4   1  
60  50  59  40  30  29  70  49  28  69  39  67  68  58  66  80  77  79  38  20  78  48  55  88  10  47  65  46  27  45  99  89  18  64  19  74  57  75  8   9   98  56  87  90  44  54  76  100 37  43  26  42  41  52  53  36  63  35  84  7   25  6   17  24  16  51  34  73  85  94  83  86  72  31  32  15  97  82  33  95  21  62  93  81  96  71  22  23  5   92  61  4   14  3   12  2   91  13  11  1  
61  71  51  62  42  41  63  53  52  43  72  44  73  45  46  32  31  47  54  55  65  64  81  82  75  21  83  48  74  38  34  58  22  33  66  24  67  92  25  68  84  77  23  39  37  35  69  78  49  91  26  12  56  57  36  76  88  94  93  79  85  13  2   28  15  16  3   11  27  59  29  30  40  4   95  98  6   87  14  96  89  5   99  7   50  70  86  90  1   60  20  19  18  17  9   8   80  100 10  97 
62  72  73  63  53  52  42  71  61  41  43  82  51  44  83  54  81  64  65  74  55  75  45  92  47  46  84  31  32  48  21  38  66  34  91  24  22  58  94  93  68  67  33  25  77  78  39  23  37  69  35  76  56  49  95  26  12  57  85  36  88  96  79  16  59  15  28  13  2   3   11  98  27  40  87  30  29  4   86  6   99  89  14  50  7   5   70  97  60  90  1   20  19  18  17  80  100 9   8   10 
53  52  63  41  42  43  44  51  54  64  55  45  65  75  74  47  32  31  73  46  48  21  62  38  72  34  66  22  68  67  33  58  24  61  77  84  25  39  37  78  69  83  35  23  71  12  49  56  76  82  26  88  85  57  36  94  79  16  2   59  13  28  81  15  3   92  98  95  27  11  40  30  87  4   93  29  86  89  99  14  96  6   91  7   5   70  50  60  90  1   20  19  18  17  80  100 9   97  8   10 
64  65  75  74  55  45  46  47  54  48  66  53  67  63  52  38  44  68  42  58  41  43  77  84  78  69  39  56  37  73  51  35  76  85  49  88  57  94  36  72  79  83  59  82  34  26  28  98  32  31  95  24  87  25  21  93  62  86  89  16  96  71  40  33  99  30  29  81  22  70  27  92  61  50  23  6   12  7   15  60  90  91  100 80  20  19  18  97  2   8   9   13  14  11  3   17  10  4   5   1  
65  55  64  45  46  47  75  74  66  48  67  44  38  54  68  58  43  77  78  41  42  53  52  63  69  37  35  39  84  56  49  51  88  57  79  36  73  76  59  34  94  26  85  98  28  72  24  83  32  87  82  25  31  21  33  99  16  29  89  30  95  40  27  93  62  70  71  50  23  22  86  96  81  92  6   61  60  15  90  7   100 80  12  20  91  18  19  14  9   8   97  13  10  2   17  11  3   5   4   1  
66  68  67  58  77  55  69  78  65  48  64  45  38  47  74  75  46  88  79  54  44  59  57  39  98  76  43  56  41  49  53  52  63  87  42  37  35  99  89  84  51  70  73  36  28  94  85  34  26  86  83  30  29  90  40  24  72  60  82  25  31  32  80  100 95  50  33  21  16  27  62  97  93  23  71  22  96  81  61  92  6   18  19  20  15  7   12  9   8   10  91  14  13  17  2   11  3   5   4   1  
68  67  58  66  77  69  78  48  47  38  65  46  88  55  79  64  45  75  74  57  59  98  39  56  44  87  49  54  37  99  89  43  76  53  70  63  42  41  52  28  36  35  84  26  51  30  60  29  73  90  40  34  25  80  85  94  100 72  83  86  50  24  16  32  31  27  97  82  33  21  95  62  93  6   96  7   81  71  22  15  19  23  18  20  92  8   61  9   10  12  17  91  14  2   5   13  11  3   4   1  
68  67  58  66  77  69  78  48  47  38  65  46  88  55  79  64  45  75  74  57  59  98  39  56  44  87  49  54  37  99  89  43  76  53  70  63  42  41  52  28  36  35  84  26  51  30  60  29  73  90  40  34  25  80  85  94  100 72  83  86  50  24  16  32  31  27  97  82  33  21  95  62  93  6   96  7   81  71  22  15  19  23  18  20  92  8   61  9   10  12  17  91  14  2   5   13  11  3   4   1  
69  68  67  66  58  77  79  78  59  48  55  88  46  65  47  38  45  64  99  89  74  75  70  57  98  39  56  87  49  44  54  43  90  60  76  37  41  100 53  42  63  52  80  35  84  36  28  26  51  73  50  30  29  40  34  85  94  25  86  83  72  16  24  32  97  31  82  27  21  33  95  6   93  62  7   81  23  15  71  18  19  20  22  96  9   8   61  92  10  12  91  17  14  5   13  2   11  3   4   1  
70  80  69  60  68  67  79  77  66  58  90  78  59  50  48  100 38  65  88  46  55  47  64  89  45  99  75  74  57  56  39  98  44  40  49  54  87  30  29  76  43  37  52  41  42  63  53  28  84  36  35  51  26  73  94  20  34  85  25  16  24  86  83  72  31  82  10  32  27  97  21  18  95  19  33  6   8   9   93  62  96  7   15  81  22  23  71  92  61  12  91  17  14  5   13  2   3   11  4   1  
71  72  73  61  82  62  81  83  92  74  52  53  75  63  42  84  64  41  51  65  91  43  55  45  44  94  47  93  54  46  48  66  38  68  67  76  95  32  31  58  77  85  69  78  21  96  56  35  34  37  39  33  22  57  49  88  24  79  25  36  26  59  23  98  86  12  28  87  89  99  40  30  29  16  97  70  2   13  15  27  11  3   50  6   4   60  90  7   14  100 5   80  20  19  18  9   8   17  10  1  
72  73  71  82  62  83  81  63  92  74  75  52  53  41  64  42  84  65  61  43  55  45  51  91  44  94  47  93  54  46  48  66  38  68  67  76  95  32  31  58  77  85  69  78  21  96  56  35  34  37  39  33  22  57  49  88  24  79  25  36  26  59  23  98  86  12  28  87  89  99  40  30  29  16  97  70  2   13  15  27  11  3   50  6   4   60  90  7   14  100 5   80  20  19  18  9   8   17  10  1  
73  72  83  82  71  74  75  63  52  62  53  41  42  64  43  84  65  55  81  45  44  51  92  47  54  46  48  94  66  38  61  67  68  93  91  32  58  77  76  31  85  95  78  69  21  35  39  37  34  56  33  22  88  24  96  49  57  79  36  25  59  23  26  98  86  12  28  87  89  99  40  30  29  16  70  2   97  13  15  27  11  3   50  6   4   60  90  7   14  100 5   80  20  19  18  9   8   17  10  1  
75  74  64  65  55  45  54  46  47  66  48  84  68  67  63  38  52  53  44  43  41  42  58  73  76  77  69  94  78  85  56  51  72  39  37  83  35  49  57  82  88  95  36  79  34  26  59  93  28  96  32  98  24  81  71  31  86  62  92  21  25  87  99  16  29  89  30  40  33  27  70  22  50  61  23  91  6   7   12  90  97  15  60  100 80  20  19  18  14  13  9   8   2   17  11  10  3   4   5   1  
75  74  64  65  55  45  54  46  47  66  48  84  68  67  63  38  52  53  44  43  41  42  58  73  76  77  69  94  78  85  56  51  72  39  37  83  35  49  57  82  88  95  36  79  34  26  59  93  28  96  32  98  24  81  71  31  86  62  92  21  25  87  99  16  29  89  30  40  33  27  70  22  50  61  23  91  6   7   12  90  97  15  60  100 80  20  19  18  14  13  9   8   2   17  11  10  3   4   5   1  
76  86  75  74  64  66  55  77  65  68  67  58  45  85  78  46  69  54  47  84  48  96  44  38  52  53  63  87  88  79  42  73  43  95  41  57  59  94  51  72  56  39  37  35  83  98  82  49  97  89  36  99  93  34  26  70  31  81  71  28  32  24  25  62  21  92  90  60  40  29  30  33  16  22  80  27  100 91  50  23  61  6   15  12  7   20  19  18  2   14  13  9   8   3   10  11  17  4   5   1  
77  68  67  58  66  69  78  48  47  38  65  46  88  55  79  64  45  75  74  57  59  98  39  56  44  87  49  54  76  37  99  89  43  53  70  63  42  41  52  28  36  35  84  26  51  30  60  29  73  90  40  34  25  80  85  86  94  100 72  83  50  24  16  32  31  27  97  82  33  21  95  62  93  6   96  7   81  71  22  15  19  23  18  20  92  8   61  9   10  12  17  91  14  2   5   13  11  3   4   1  
78  67  88  68  66  58  77  69  98  48  65  46  47  38  87  55  64  45  89  79  99  59  57  74  75  39  56  49  44  54  37  90  43  76  52  42  41  53  100 63  70  35  86  84  28  36  97  26  51  73  40  29  30  60  80  85  94  34  25  83  72  50  24  16  32  31  27  82  33  21  95  96  6   62  93  81  15  19  7   20  71  22  23  18  92  8   61  9   10  12  91  17  14  5   13  2   11  3   4   1  
79  69  99  89  67  68  58  66  77  59  78  48  90  80  47  46  38  55  65  100 88  64  45  98  75  74  57  70  56  39  44  87  49  54  76  60  37  43  53  63  42  41  52  28  36  84  35  26  51  73  50  30  29  40  34  85  94  25  97  86  83  72  16  24  32  31  82  27  21  33  95  6   62  93  7   81  22  96  15  71  18  19  20  23  9   8   61  92  10  12  91  17  14  5   13  2   11  3   4   1  
80  70  90  100 79  99  89  69  60  67  68  66  58  77  78  88  59  98  48  46  65  55  47  38  50  45  64  75  74  57  87  39  56  44  49  54  76  30  29  37  40  43  63  41  53  42  52  36  35  84  28  97  26  51  86  73  34  85  94  25  24  72  83  20  16  31  32  27  82  95  10  21  33  93  96  18  19  62  6   81  9   8   71  22  23  15  7   61  92  12  17  91  14  5   13  2   11  3   4   1  
81  82  83  91  92  72  84  71  73  93  94  74  75  62  95  64  65  55  45  53  85  63  52  96  61  46  41  54  42  47  48  66  43  67  68  51  38  44  58  76  77  69  78  86  97  39  37  35  56  31  57  32  49  88  79  36  21  34  59  26  22  28  24  98  33  87  25  30  23  89  16  99  29  40  27  70  12  50  6   2   60  15  90  7   13  100 11  3   80  20  19  18  4   14  9   8   17  10  5   1  
82  83  81  92  72  84  73  91  93  94  71  74  75  62  95  64  55  65  45  53  85  52  96  63  46  41  54  42  47  48  66  43  61  67  51  68  44  38  77  76  58  86  78  69  39  97  37  56  35  57  88  31  32  49  36  21  79  59  34  26  98  33  22  24  28  25  87  40  99  30  29  23  16  89  12  27  70  50  6   2   60  15  90  13  7   100 11  3   80  20  19  18  4   14  9   8   17  10  5   1  
83  82  81  84  73  92  72  94  91  93  74  75  95  71  64  65  55  62  45  53  85  52  96  63  46  41  54  42  47  48  66  43  67  51  68  38  44  76  58  77  78  86  61  69  39  56  37  35  97  57  88  31  32  49  36  21  79  59  34  26  98  33  22  24  28  25  87  40  99  30  29  23  16  89  12  27  70  50  6   2   60  15  90  13  7   100 11  3   80  20  19  18  4   14  9   8   17  10  5   1  
84  94  83  82  74  75  95  64  55  65  93  81  45  85  96  73  46  47  92  54  66  72  48  67  44  53  68  63  52  38  58  77  41  43  76  42  91  69  86  78  71  97  51  37  56  35  39  49  88  62  57  79  36  34  26  59  28  32  31  24  98  21  25  87  33  99  16  40  89  29  30  61  27  70  22  50  23  6   12  90  15  7   60  100 80  20  19  18  14  13  9   8   2   17  11  10  3   4   5   1  
85  86  84  75  74  64  95  65  55  94  96  76  45  87  54  83  46  47  48  66  82  52  63  67  44  38  68  53  77  43  42  58  41  73  93  81  88  69  78  51  72  56  39  37  97  92  35  49  57  79  36  98  91  26  34  59  71  89  28  24  99  32  31  62  25  21  16  30  29  33  40  22  70  27  61  23  90  50  100 6   15  12  60  7   80  20  19  18  2   14  13  9   8   3   10  11  17  4   5   1  
86  85  96  76  87  95  94  88  97  78  84  75  74  98  66  64  68  55  77  65  67  93  45  99  89  58  69  54  47  46  83  82  48  44  63  38  53  92  52  73  41  42  43  90  79  57  59  100 81  39  37  51  91  35  72  56  49  36  34  70  26  31  71  32  24  28  62  21  25  80  40  29  33  60  16  30  27  22  50  23  61  6   15  12  7   20  19  18  2   14  13  9   8   3   10  11  17  4   5   1  
87  88  78  98  86  67  68  99  89  58  66  97  77  69  48  65  85  47  46  38  55  45  64  96  90  79  76  100 59  57  74  75  95  56  39  54  49  44  43  37  41  42  70  94  53  63  52  36  35  28  84  26  51  80  30  29  73  60  40  93  25  34  83  72  50  24  16  32  31  27  82  33  21  92  62  6   15  7   81  20  19  22  23  71  18  8   9   61  91  10  12  17  14  13  5   2   11  3   4   1  
88  78  98  67  68  87  66  77  99  58  89  69  48  55  47  46  38  65  90  79  45  64  57  59  100 74  75  56  86  39  44  97  54  49  76  43  37  53  52  42  63  70  41  36  35  84  28  26  80  85  51  60  96  29  40  30  73  94  34  25  72  95  83  50  24  16  82  32  31  27  33  21  93  62  6   7   81  15  19  20  22  23  71  18  8   92  9   61  10  12  91  17  14  13  5   2   11  3   4   1  
99  89  90  79  100 88  98  69  78  68  87  67  58  77  66  59  80  48  55  38  46  65  47  45  64  97  74  57  70  75  86  56  39  54  49  44  43  76  60  37  41  42  63  53  52  36  35  84  28  85  96  51  26  73  50  40  30  29  95  94  25  34  16  83  72  24  27  31  32  82  21  33  93  6   62  7   81  18  19  71  20  22  23  15  9   8   61  92  10  12  17  91  14  13  2   5   11  3   4   1  
90  100 99  89  80  79  88  98  69  78  70  67  68  87  77  58  66  59  48  46  47  55  65  38  64  45  97  74  75  57  86  39  56  44  60  49  54  37  43  76  42  63  53  41  52  36  35  28  84  85  96  50  51  26  40  30  29  73  34  95  94  25  83  72  16  24  31  32  82  27  33  21  93  6   62  7   81  23  71  15  18  22  19  20  9   8   61  92  10  12  17  91  14  2   13  5   3   11  4   1  
91  92  81  93  82  83  94  72  84  73  95  71  96  74  75  62  64  55  65  85  45  53  63  52  46  47  41  54  42  61  86  48  66  43  97  38  68  67  44  51  77  58  76  78  69  35  56  37  39  49  88  32  57  31  36  79  21  59  34  26  87  24  98  33  22  28  25  89  29  23  40  16  30  99  70  12  27  50  6   13  15  90  2   7   60  100 11  3   80  20  19  18  4   14  9   8   17  10  5   1  
92  91  82  93  83  81  94  72  84  73  95  71  96  62  75  74  64  65  55  45  52  53  85  63  47  46  42  54  41  66  48  86  43  97  61  67  51  68  38  44  76  58  77  78  69  39  37  35  56  31  32  49  88  57  36  21  79  87  34  59  26  98  24  33  22  28  25  89  99  16  40  30  29  23  27  70  12  50  6   60  15  90  2   7   13  100 11  3   80  20  19  18  4   14  9   8   17  10  5   1  
93  92  94  91  95  84  83  82  96  81  75  74  64  73  72  65  55  45  85  97  86  46  47  54  66  71  48  68  38  44  53  62  63  67  52  77  58  76  43  41  42  78  69  39  37  35  51  56  49  88  87  57  36  79  98  61  59  26  34  28  32  24  31  25  21  33  89  16  99  40  29  30  70  27  22  23  50  6   15  90  12  7   60  100 80  20  19  18  14  13  9   8   2   17  11  10  3   4   5   1  
94  95  84  93  96  83  82  92  75  74  64  55  65  45  85  86  81  97  91  54  73  46  47  66  48  72  44  52  68  63  67  53  38  77  58  76  41  43  42  69  78  71  37  35  39  51  56  88  87  62  49  57  36  79  59  26  98  34  28  24  31  32  25  21  29  99  30  89  33  16  40  61  22  27  70  23  50  6   15  90  12  7   60  100 80  20  19  18  14  13  9   8   2   17  11  10  3   4   5   1  
95  96  94  84  93  97  86  85  83  74  82  92  75  64  55  65  81  91  45  76  46  47  54  87  73  72  66  48  38  44  52  53  68  63  67  98  58  41  42  43  77  78  69  88  51  71  56  39  37  35  49  57  62  36  79  99  34  89  26  59  24  28  31  32  21  25  16  29  40  30  33  70  22  61  90  27  50  100 23  6   15  12  60  7   80  20  19  18  2   14  13  9   8   3   11  10  17  4   5   1  
96  95  94  97  86  84  93  85  76  83  74  82  87  92  75  64  65  55  98  45  91  81  88  47  73  46  54  72  48  66  38  52  53  68  44  78  63  67  43  42  77  58  41  69  89  99  51  56  71  39  37  35  57  62  49  36  79  34  90  26  59  100 28  31  32  24  25  21  16  40  30  33  29  27  22  61  70  50  23  6   80  15  12  60  7   20  19  18  2   14  13  9   8   3   11  10  17  4   5   1  
97  96  95  98  87  94  86  88  78  84  89  99  93  67  68  66  85  58  77  76  83  69  48  82  90  92  74  79  75  47  46  55  38  100 64  65  45  91  57  59  81  73  54  39  56  72  49  44  43  63  37  52  53  70  42  41  80  36  28  35  71  26  51  40  60  62  30  29  34  25  50  24  16  32  31  27  33  21  6   7   61  15  18  19  20  22  23  9   8   10  12  17  14  13  5   2   3   11  4   1  
98  88  78  99  89  68  87  67  58  77  66  97  69  48  79  90  55  65  47  46  38  100 64  45  59  74  57  75  39  56  86  49  44  54  96  37  76  43  53  52  95  63  41  70  80  42  28  84  36  35  51  85  26  29  73  30  40  94  60  34  25  83  72  50  24  16  82  32  31  27  33  93  21  62  6   7   81  15  19  20  22  23  71  18  8   92  9   61  10  12  91  17  14  13  5   2   11  3   4   1  
99  89  90  79  100 88  98  69  78  68  87  67  58  77  66  59  80  48  55  38  46  65  47  45  64  97  74  57  70  75  86  56  39  54  49  44  43  76  60  37  41  42  63  53  52  36  35  84  28  85  96  51  26  73  50  40  30  29  95  94  25  34  16  83  72  24  27  31  32  82  21  33  93  6   62  7   81  18  19  71  20  22  23  15  9   8   61  92  10  12  17  91  14  13  2   5   11  3   4   1  
100 90  99  89  80  79  88  98  69  78  70  67  68  87  77  58  66  59  48  46  47  55  65  38  64  45  97  74  75  57  86  39  56  44  60  49  54  37  43  76  42  63  53  41  52  36  35  28  84  85  96  50  51  26  40  30  29  73  34  95  94  25  83  72  16  24  31  32  82  27  33  21  93  6   62  7   81  23  71  15  18  22  19  20  9   8   61  92  10  12  17  91  14  2   13  5   3   11  4   1  
