100
360
1 2 1
2 1 1
1 11 4
11 1 4
2 3 5
3 2 5
2 12 1
12 2 1
3 4 3
4 3 3
3 13 7
13 3 7
4 5 8
5 4 8
4 14 4
14 4 4
5 6 7
6 5 7
5 15 0
15 5 0
6 7 8
7 6 8
6 16 1
16 6 1
7 8 3
8 7 3
7 17 8
17 7 8
8 9 4
9 8 4
8 18 9
18 8 9
9 10 6
10 9 6
9 19 6
19 9 6
10 20 0
20 10 0
11 12 8
12 11 8
11 21 1
21 11 1
12 13 9
13 12 9
12 22 0
22 12 0
13 14 2
14 13 2
13 23 4
23 13 4
14 15 4
15 14 4
14 24 9
24 14 9
15 16 9
16 15 9
15 25 3
25 15 3
16 17 5
17 16 5
16 26 9
26 16 9
17 18 5
18 17 5
17 27 6
27 17 6
18 19 8
19 18 8
18 28 8
28 18 8
19 20 2
20 19 2
19 29 2
29 19 2
20 30 1
30 20 1
21 22 9
22 21 9
21 31 5
31 21 5
22 23 6
23 22 6
22 32 9
32 22 9
23 24 6
24 23 6
23 33 9
33 23 9
24 25 3
25 24 3
24 34 6
34 24 6
25 26 4
26 25 4
25 35 9
35 25 9
26 27 5
27 26 5
26 36 2
36 26 2
27 28 4
28 27 4
27 37 3
37 27 3
28 29 9
29 28 9
28 38 4
38 28 4
29 30 3
30 29 3
29 39 5
39 29 5
30 40 5
40 30 5
31 32 6
32 31 6
31 41 1
41 31 1
32 33 7
33 32 7
32 42 9
42 32 9
33 34 9
34 33 9
33 43 0
43 33 0
34 35 8
35 34 8
34 44 3
44 34 3
35 36 2
36 35 2
35 45 6
45 35 6
36 37 9
37 36 9
36 46 8
46 36 8
37 38 5
38 37 5
37 47 4
47 37 4
38 39 6
39 38 6
38 48 0
48 38 0
39 40 8
40 39 8
39 49 6
49 39 6
40 50 9
50 40 9
41 42 3
42 41 3
41 51 6
51 41 6
42 43 7
43 42 7
42 52 7
52 42 7
43 44 3
44 43 3
43 53 4
53 43 4
44 45 8
45 44 8
44 54 8
54 44 8
45 46 4
46 45 4
45 55 1
55 45 1
46 47 7
47 46 7
46 56 9
56 46 9
47 48 7
48 47 7
47 57 9
57 47 9
48 49 6
49 48 6
48 58 2
58 48 2
49 50 7
50 49 7
49 59 3
59 49 3
50 60 0
60 50 0
51 52 4
52 51 4
51 61 4
61 51 4
52 53 3
53 52 3
52 62 2
62 52 2
53 54 6
54 53 6
53 63 1
63 53 1
54 55 0
55 54 0
54 64 8
64 54 8
55 56 9
56 55 9
55 65 5
65 55 5
56 57 6
57 56 6
56 66 4
66 56 4
57 58 1
58 57 1
57 67 8
67 57 8
58 59 2
59 58 2
58 68 6
68 58 6
59 60 8
60 59 8
59 69 3
69 59 3
60 70 5
70 60 5
61 62 2
62 61 2
61 71 2
71 61 2
62 63 5
63 62 5
62 72 1
72 62 1
63 64 3
64 63 3
63 73 2
73 63 2
64 65 8
65 64 8
64 74 2
74 64 2
65 66 4
66 65 4
65 75 9
75 65 9
66 67 5
67 66 5
66 76 5
76 66 5
67 68 6
68 67 6
67 77 9
77 67 9
68 69 6
69 68 6
68 78 1
78 68 1
69 70 4
70 69 4
69 79 0
79 69 0
70 80 0
80 70 0
71 72 8
72 71 8
71 81 4
81 71 4
72 73 6
73 72 6
72 82 8
82 72 8
73 74 3
74 73 3
73 83 2
83 73 2
74 75 2
75 74 2
74 84 7
84 74 7
75 76 5
76 75 5
75 85 0
85 75 0
76 77 8
77 76 8
76 86 5
86 76 5
77 78 0
78 77 0
77 87 9
87 77 9
78 79 0
79 78 0
78 88 6
88 78 6
79 80 0
80 79 0
79 89 2
89 79 2
80 90 7
90 80 7
81 82 0
82 81 0
81 91 3
91 81 3
82 83 1
83 82 1
82 92 8
92 82 8
83 84 1
84 83 1
83 93 5
93 83 5
84 85 0
85 84 0
84 94 5
94 84 5
85 86 3
86 85 3
85 95 4
95 85 4
86 87 9
87 86 9
86 96 4
96 86 4
87 88 2
88 87 2
87 97 9
97 87 9
88 89 7
89 88 7
88 98 3
98 88 3
89 90 1
90 89 1
89 99 7
99 89 7
90 100 0
100 90 0
91 92 9
92 91 9
92 93 5
93 92 5
93 94 7
94 93 7
94 95 0
95 94 0
95 96 1
96 95 1
96 97 4
97 96 4
97 98 2
98 97 2
98 99 8
99 98 8
99 100 8
100 99 8
