100
360
1 2 8
2 1 8
1 11 8
11 1 8
2 3 1
3 2 1
2 12 3
12 2 3
3 4 1
4 3 1
3 13 2
13 3 2
4 5 2
5 4 2
4 14 8
14 4 8
5 6 7
6 5 7
5 15 7
15 5 7
6 7 1
7 6 1
6 16 3
16 6 3
7 8 5
8 7 5
7 17 5
17 7 5
8 9 8
9 8 8
8 18 1
18 8 1
9 10 8
10 9 8
9 19 1
19 9 1
10 20 2
20 10 2
11 12 6
12 11 6
11 21 9
21 11 9
12 13 3
13 12 3
12 22 3
22 12 3
13 14 5
14 13 5
13 23 7
23 13 7
14 15 7
15 14 7
14 24 9
24 14 9
15 16 4
16 15 4
15 25 5
25 15 5
16 17 8
17 16 8
16 26 3
26 16 3
17 18 7
18 17 7
17 27 9
27 17 9
18 19 0
19 18 0
18 28 8
28 18 8
19 20 5
20 19 5
19 29 9
29 19 9
20 30 6
30 20 6
21 22 2
22 21 2
21 31 1
31 21 1
22 23 2
23 22 2
22 32 8
32 22 8
23 24 8
24 23 8
23 33 2
33 23 2
24 25 1
25 24 1
24 34 1
34 24 1
25 26 2
26 25 2
25 35 9
35 25 9
26 27 4
27 26 4
26 36 1
36 26 1
27 28 7
28 27 7
27 37 9
37 27 9
28 29 2
29 28 2
28 38 7
38 28 7
29 30 0
30 29 0
29 39 6
39 29 6
30 40 0
40 30 0
31 32 2
32 31 2
31 41 6
41 31 6
32 33 5
33 32 5
32 42 6
42 32 6
33 34 5
34 33 5
33 43 8
43 33 8
34 35 5
35 34 5
34 44 6
44 34 6
35 36 2
36 35 2
35 45 6
45 35 6
36 37 9
37 36 9
36 46 7
46 36 7
37 38 9
38 37 9
37 47 5
47 37 5
38 39 3
39 38 3
38 48 1
48 38 1
39 40 8
40 39 8
39 49 1
49 39 1
40 50 5
50 40 5
41 42 0
42 41 0
41 51 2
51 41 2
42 43 1
43 42 1
42 52 1
52 42 1
43 44 1
44 43 1
43 53 9
53 43 9
44 45 3
45 44 3
44 54 5
54 44 5
45 46 1
46 45 1
45 55 1
55 45 1
46 47 0
47 46 0
46 56 6
56 46 6
47 48 1
48 47 1
47 57 8
57 47 8
48 49 6
49 48 6
48 58 2
58 48 2
49 50 7
50 49 7
49 59 7
59 49 7
50 60 4
60 50 4
51 52 7
52 51 7
51 61 8
61 51 8
52 53 0
53 52 0
52 62 8
62 52 8
53 54 5
54 53 5
53 63 0
63 53 0
54 55 7
55 54 7
54 64 3
64 54 3
55 56 7
56 55 7
55 65 0
65 55 0
56 57 1
57 56 1
56 66 8
66 56 8
57 58 5
58 57 5
57 67 7
67 57 7
58 59 7
59 58 7
58 68 1
68 58 1
59 60 7
60 59 7
59 69 4
69 59 4
60 70 9
70 60 9
61 62 9
62 61 9
61 71 7
71 61 7
62 63 8
63 62 8
62 72 5
72 62 5
63 64 5
64 63 5
63 73 7
73 63 7
64 65 1
65 64 1
64 74 1
74 64 1
65 66 3
66 65 3
65 75 3
75 65 3
66 67 1
67 66 1
66 76 8
76 66 8
67 68 0
68 67 0
67 77 1
77 67 1
68 69 2
69 68 2
68 78 2
78 68 2
69 70 8
70 69 8
69 79 3
79 69 3
70 80 5
80 70 5
71 72 4
72 71 4
71 81 9
81 71 9
72 73 2
73 72 2
72 82 5
82 72 5
73 74 7
74 73 7
73 83 5
83 73 5
74 75 0
75 74 0
74 84 5
84 74 5
75 76 7
76 75 7
75 85 8
85 75 8
76 77 9
77 76 9
76 86 6
86 76 6
77 78 5
78 77 5
77 87 9
87 77 9
78 79 9
79 78 9
78 88 2
88 78 2
79 80 9
80 79 9
79 89 4
89 79 4
80 90 7
90 80 7
81 82 3
82 81 3
81 91 6
91 81 6
82 83 1
83 82 1
82 92 4
92 82 4
83 84 4
84 83 4
83 93 8
93 83 8
84 85 8
85 84 8
84 94 3
94 84 3
85 86 5
86 85 5
85 95 9
95 85 9
86 87 7
87 86 7
86 96 6
96 86 6
87 88 4
88 87 4
87 97 9
97 87 9
88 89 5
89 88 5
88 98 3
98 88 3
89 90 4
90 89 4
89 99 0
99 89 0
90 100 1
100 90 1
91 92 3
92 91 3
92 93 4
93 92 4
93 94 4
94 93 4
94 95 3
95 94 3
95 96 2
96 95 2
96 97 6
97 96 6
97 98 9
98 97 9
98 99 6
99 98 6
99 100 7
100 99 7
