37  43  17  29  44  17  20  8   24  38  29  40  35  47  8   23  26  30  19  36 
29  35  9   21  36  9   12  0   16  30  21  32  27  39  9   15  18  22  11  28 
30  36  10  22  35  10  11  1   17  31  20  33  26  40  10  16  17  23  12  29 
31  37  11  23  34  11  10  2   18  32  19  34  25  41  11  17  16  24  13  30 
33  35  13  21  32  13  8   4   20  30  17  32  23  39  13  19  14  25  15  28 
28  28  20  14  25  20  1   11  19  23  10  25  16  32  20  18  7   18  20  21 
29  29  21  15  24  21  0   12  20  24  11  26  15  33  21  19  6   19  21  22 
32  28  26  18  19  26  5   17  25  25  16  27  10  34  26  24  1   22  26  24 
32  28  28  18  19  28  7   19  25  25  16  27  10  34  28  24  1   22  28  24 
33  26  31  19  17  31  13  25  26  26  17  28  8   35  34  25  7   23  31  25 
30  36  10  22  39  10  21  9   17  31  26  33  33  40  0   16  27  23  12  29 
26  32  6   18  35  6   15  3   13  27  20  29  29  36  6   12  21  19  8   25 
29  35  9   21  37  9   13  3   16  30  21  32  28  39  9   15  19  22  11  28 
32  34  14  20  34  14  15  8   19  29  16  31  25  38  14  18  21  22  16  27 
29  29  19  15  29  19  8   11  16  24  11  26  20  33  20  15  14  19  17  22 
25  25  19  11  25  19  4   14  16  20  7   22  16  29  23  15  10  15  17  18 
33  33  26  19  25  26  5   17  24  28  9   30  16  37  26  23  7   23  25  26 
31  27  27  17  18  27  6   18  24  24  15  26  9   33  27  23  0   21  27  23 
31  27  27  17  18  27  6   18  24  24  15  26  9   33  27  23  0   21  27  23 
31  24  29  17  15  29  11  23  24  24  15  26  6   33  32  23  5   21  29  23 
21  27  1   13  30  1   20  8   8   22  19  24  24  31  9   7   26  14  3   20 
23  29  3   15  32  3   18  6   10  24  17  26  26  33  9   9   24  16  5   22 
25  29  5   15  32  5   18  8   12  24  15  26  24  33  11  11  24  17  7   22 
23  25  13  11  25  13  10  16  10  20  7   22  16  29  19  9   16  13  11  18 
24  24  14  10  24  14  9   16  11  19  6   21  15  28  20  10  15  14  12  17 
22  22  16  8   22  16  7   17  13  17  4   19  13  26  22  12  13  12  14  15 
26  26  20  12  18  20  11  21  17  21  0   23  9   30  26  16  15  16  18  19 
23  20  21  9   11  21  14  26  16  16  7   18  2   25  31  15  8   13  21  15 
25  18  23  11  9   23  15  27  18  18  9   20  0   27  33  17  9   15  23  17 
25  18  23  11  9   23  15  27  18  18  9   20  0   27  33  17  9   15  23  17 
20  26  0   12  29  0   21  9   7   21  20  23  23  30  10  6   27  13  2   19 
20  26  2   12  29  2   21  11  7   21  18  23  23  30  12  6   27  13  0   19 
23  27  7   13  30  7   16  10  10  22  13  24  22  31  13  9   22  15  5   20 
22  24  12  10  26  12  11  15  9   19  8   21  17  28  18  8   17  12  10  17 
19  21  17  7   24  17  10  20  12  16  7   18  16  25  23  11  16  9   15  14 
21  21  17  7   23  17  8   18  14  16  5   18  14  25  23  13  14  11  15  14 
19  19  17  5   22  17  17  26  12  14  9   16  16  23  27  11  22  9   17  12 
16  14  14  2   15  14  17  23  9   9   14  11  9   18  24  8   15  6   14  8  
19  17  17  5   12  17  20  26  12  12  15  14  6   21  27  11  15  9   17  11 
25  18  23  11  9   23  15  27  18  18  9   20  0   27  33  17  9   15  23  17 
14  20  6   6   23  6   19  15  1   15  16  17  17  24  16  0   23  7   6   13 
14  20  6   6   23  6   19  15  1   15  16  17  17  24  16  0   23  7   6   13 
15  19  7   5   22  7   18  16  2   14  15  16  16  23  17  1   22  7   7   12 
16  18  8   4   21  8   17  17  3   13  14  15  15  22  18  2   21  6   8   11 
13  15  11  1   18  11  16  20  6   10  13  12  12  19  21  5   18  3   11  8  
14  14  12  0   17  12  15  21  7   9   12  11  11  18  22  6   17  4   12  7  
14  14  12  0   17  12  15  21  7   9   12  11  11  18  22  6   17  4   12  7  
15  13  13  1   16  13  16  22  8   8   13  10  10  17  23  7   16  5   13  7  
20  18  18  6   11  18  21  27  13  13  16  15  7   22  28  12  16  10  18  12 
27  13  25  13  4   25  20  32  20  18  14  22  5   26  35  19  14  17  25  19 
16  22  8   8   25  8   21  17  3   17  18  19  19  26  18  2   25  9   8   15 
13  20  7   7   23  7   20  16  0   15  17  17  18  24  17  1   24  6   7   14 
13  20  7   7   23  7   20  16  0   15  17  17  18  24  17  1   24  6   7   14 
14  18  12  6   21  12  21  21  5   13  18  15  17  22  22  6   23  4   12  12 
12  14  12  2   17  12  17  21  6   9   14  11  13  18  22  6   19  2   12  8  
19  17  18  6   20  18  21  27  13  12  18  14  17  21  28  12  23  9   18  1  
20  16  19  7   19  19  22  28  14  11  19  13  17  20  29  13  23  10  19  0  
17  11  15  3   14  15  18  24  10  6   15  8   12  15  25  9   18  7   15  5  
22  12  22  10  7   22  25  31  16  7   22  13  14  16  32  16  23  12  22  12 
29  9   29  17  0   29  24  36  23  14  18  20  9   22  39  23  18  19  29  19 
16  30  16  16  33  16  29  25  11  25  26  27  27  34  26  10  33  17  16  23 
10  28  15  15  31  15  28  24  8   23  25  25  26  32  25  9   32  14  15  22 
13  20  7   7   23  7   20  16  0   15  17  17  18  24  17  1   24  6   7   14 
11  15  12  3   18  12  18  21  5   10  15  12  14  19  22  6   20  1   12  9  
12  14  12  2   17  12  17  21  6   9   14  11  13  18  22  6   19  2   12  8  
15  11  15  5   14  15  20  24  9   6   17  8   14  15  25  9   20  5   15  7  
16  10  16  4   13  16  19  25  10  5   16  7   13  14  26  10  19  6   16  6  
16  10  16  4   13  16  19  25  10  5   16  7   13  14  26  10  19  6   16  6  
18  8   18  6   11  18  21  27  12  3   18  9   15  12  28  12  21  8   18  8  
26  0   26  14  9   26  29  35  20  11  26  17  18  13  36  20  27  16  26  16 
9   29  20  17  32  20  32  29  13  24  29  26  28  33  30  14  34  13  20  23 
5   25  16  13  28  16  28  25  9   20  25  22  24  29  26  10  30  9   16  19 
6   23  14  11  26  14  26  23  7   18  23  20  22  27  24  8   28  7   14  17 
10  16  13  4   19  13  19  22  6   11  16  13  15  20  23  7   21  0   13  10 
10  16  13  4   19  13  19  22  6   11  16  13  15  20  23  7   21  0   13  10 
17  19  20  11  22  20  26  29  13  14  23  16  22  23  30  14  28  7   20  15 
17  11  17  5   14  17  20  26  11  6   17  8   14  15  27  11  20  7   17  7  
18  12  18  6   15  18  21  27  12  7   18  5   15  12  28  12  21  8   18  8  
21  11  21  9   14  21  24  30  15  0   21  10  18  9   31  15  24  11  21  11 
30  5   30  18  14  30  33  39  24  9   30  17  23  8   40  24  32  20  30  20 
3   29  23  17  32  23  32  32  16  24  29  26  28  33  33  17  34  13  23  23 
0   26  20  14  29  20  29  29  13  21  26  23  25  30  30  14  31  10  20  20 
1   25  19  13  28  19  28  28  12  20  25  22  24  29  29  13  30  9   19  19 
5   21  18  9   24  18  24  27  11  16  21  18  20  25  28  12  26  5   18  15 
13  24  21  12  27  21  27  30  14  19  24  19  23  26  31  15  29  8   21  18 
18  25  26  17  28  26  32  35  19  20  29  14  28  21  36  20  34  13  26  21 
24  18  24  12  21  24  27  33  18  13  24  7   21  14  34  18  27  14  24  14 
20  14  20  8   17  20  23  29  14  9   20  3   17  10  30  14  23  10  20  10 
25  15  25  13  18  25  28  34  19  4   25  6   22  5   35  19  28  15  25  15 
29  12  29  17  21  29  32  38  23  8   29  10  26  1   39  23  32  19  29  19 
7   33  27  21  36  27  36  36  20  28  33  30  32  37  37  21  38  17  27  27 
4   30  24  18  33  24  33  33  17  25  30  27  29  34  34  18  35  14  24  24 
8   28  25  16  31  25  31  34  18  23  28  24  27  32  35  19  33  12  25  22 
8   24  21  12  27  21  27  30  14  19  24  20  23  28  31  15  29  8   21  18 
11  27  24  15  30  24  30  33  17  22  27  17  26  28  34  18  32  11  24  21 
13  29  26  17  32  26  32  35  19  24  29  15  28  26  36  20  34  13  26  23 
19  26  32  20  29  32  35  41  25  19  32  9   29  20  42  26  35  19  32  22 
23  17  23  11  20  23  26  32  17  10  23  0   20  11  33  17  26  13  23  13 
25  15  25  13  18  25  28  34  19  4   25  6   22  5   35  19  28  15  25  15 
30  13  30  18  22  30  33  39  24  9   30  11  27  0   40  24  33  20  30  20 