8   8   17  17  19  20  23  24  26  29  29  30  35  36  37  38  40  43  44  47 
0   9   9   9   11  12  15  16  18  21  21  22  27  28  29  30  32  35  36  39 
1   10  10  10  11  12  16  17  17  20  22  23  26  29  30  31  33  35  36  40 
2   10  11  11  11  13  16  17  18  19  23  24  25  30  31  32  34  34  37  41 
4   8   13  13  13  14  15  17  19  20  21  23  25  28  30  32  32  33  35  39 
1   7   10  11  14  16  18  18  19  20  20  20  20  21  23  25  25  28  28  32 
0   6   11  12  15  15  19  19  20  21  21  21  21  22  24  24  26  29  29  33 
1   5   10  16  17  18  19  22  24  24  25  25  26  26  26  26  27  28  32  34 
1   7   10  16  18  19  19  22  24  24  25  25  27  28  28  28  28  28  32  34 
7   8   13  17  17  19  23  25  25  25  26  26  26  28  31  31  31  33  34  35 
0   9   10  10  12  16  17  21  22  23  26  27  29  30  31  33  33  36  39  40 
3   6   6   6   8   12  13  15  18  19  20  21  25  26  27  29  29  32  35  36 
3   9   9   9   11  13  15  16  19  21  21  22  28  28  29  30  32  35  37  39 
8   14  14  14  15  16  16  18  19  20  21  22  25  27  29  31  32  34  34  38 
8   11  11  14  15  15  16  17  19  19  19  20  20  22  24  26  29  29  29  33 
4   7   10  11  14  15  15  16  16  17  18  19  19  20  22  23  25  25  25  29 
5   7   9   16  17  19  23  23  24  25  25  26  26  26  26  28  30  33  33  37 
0   6   9   15  17  18  18  21  23  23  24  24  26  27  27  27  27  27  31  33 
0   6   9   15  17  18  18  21  23  23  24  24  26  27  27  27  27  27  31  33 
5   6   11  15  15  17  21  23  23  23  24  24  24  26  29  29  29  31  32  33 
1   1   3   7   8   8   9   13  14  19  20  20  21  22  24  24  26  27  30  31 
3   3   5   6   9   9   10  15  16  17  18  22  23  24  24  26  26  29  32  33 
5   5   7   8   11  11  12  15  15  17  18  22  24  24  24  25  26  29  32  33 
7   9   10  10  11  11  13  13  13  16  16  16  18  19  20  22  23  25  25  29 
6   9   10  10  11  12  14  14  14  15  15  16  17  19  20  21  24  24  24  28 
4   7   8   12  12  13  13  13  14  15  16  16  17  17  19  22  22  22  22  26 
0   9   11  12  15  16  16  17  18  18  19  20  20  21  21  23  26  26  26  30 
2   7   8   9   11  13  14  15  15  16  16  18  20  21  21  21  23  25  26  31 
0   9   9   9   11  15  15  17  17  18  18  18  20  23  23  23  25  27  27  33 
0   9   9   9   11  15  15  17  17  18  18  18  20  23  23  23  25  27  27  33 
0   0   2   6   7   9   10  12  13  19  20  20  21  21  23  23  26  27  29  30 
0   2   2   6   7   11  12  12  13  18  19  20  21  21  23  23  26  27  29  30 
5   7   7   9   10  10  13  13  13  15  16  20  22  22  22  23  24  27  30  31 
8   8   9   10  10  11  12  12  12  15  17  17  17  18  19  21  22  24  26  28 
7   7   9   10  11  12  14  15  16  16  16  17  17  18  19  20  21  23  24  25 
5   7   8   11  13  14  14  14  14  15  16  17  17  18  18  21  21  23  23  25 
5   9   9   11  12  12  14  16  16  17  17  17  17  19  19  22  22  23  26  27 
2   6   8   8   9   9   9   11  14  14  14  14  14  15  15  16  17  18  23  24 
5   6   9   11  11  12  12  12  14  15  15  17  17  17  17  19  20  21  26  27 
0   9   9   9   11  15  15  17  17  18  18  18  20  23  23  23  25  27  27  33 
0   1   6   6   6   6   7   13  14  15  15  16  16  17  17  19  20  23  23  24 
0   1   6   6   6   6   7   13  14  15  15  16  16  17  17  19  20  23  23  24 
1   2   5   7   7   7   7   12  14  15  15  16  16  16  17  18  19  22  22  23 
2   3   4   6   8   8   8   11  13  14  15  15  16  17  17  18  18  21  21  22 
1   3   5   6   8   10  11  11  11  12  12  13  13  15  16  18  18  19  20  21 
0   4   6   7   7   9   11  11  12  12  12  12  14  14  15  17  17  18  21  22 
0   4   6   7   7   9   11  11  12  12  12  12  14  14  15  17  17  18  21  22 
1   5   7   7   8   8   10  10  13  13  13  13  13  15  16  16  16  17  22  23 
6   7   10  11  12  12  13  13  15  16  16  18  18  18  18  20  21  22  27  28 
4   5   13  13  14  14  17  18  19  19  20  20  22  25  25  25  26  27  32  35 
2   3   8   8   8   8   9   15  16  17  17  18  18  19  19  21  22  25  25  26 
0   1   6   7   7   7   7   13  14  15  16  17  17  17  18  20  20  23  24  24 
0   1   6   7   7   7   7   13  14  15  16  17  17  17  18  20  20  23  24  24 
4   5   6   6   12  12  12  12  13  14  15  17  18  18  21  21  21  22  22  23 
2   2   6   6   8   9   11  12  12  12  12  13  14  14  17  17  18  19  21  22 
1   6   9   12  12  13  14  17  17  18  18  18  18  19  20  21  21  23  27  28 
0   7   10  11  13  13  14  16  17  19  19  19  19  19  20  20  22  23  28  29 
3   5   6   7   8   9   10  11  12  14  15  15  15  15  15  17  18  18  24  25 
7   7   10  12  12  12  13  14  16  16  16  22  22  22  22  22  23  25  31  32 
0   9   9   14  17  18  18  19  19  20  22  23  23  24  29  29  29  29  36  39 
10  11  16  16  16  16  16  17  23  25  25  26  26  27  27  29  30  33  33  34 
8   9   10  14  15  15  15  15  22  23  24  25  25  25  26  28  28  31  32  32 
0   1   6   7   7   7   7   13  14  15  16  17  17  17  18  20  20  23  24  24 
1   3   5   6   9   10  11  12  12  12  12  14  15  15  18  18  19  20  21  22 
2   2   6   6   8   9   11  12  12  12  12  13  14  14  17  17  18  19  21  22 
5   5   6   7   8   9   9   11  14  14  15  15  15  15  15  17  20  20  24  25 
4   5   6   6   7   10  10  10  13  13  14  16  16  16  16  16  19  19  25  26 
4   5   6   6   7   10  10  10  13  13  14  16  16  16  16  16  19  19  25  26 
3   6   8   8   8   9   11  12  12  12  15  18  18  18  18  18  21  21  27  28 
0   9   11  13  14  16  16  17  18  20  20  26  26  26  26  26  27  29  35  36 
9   13  13  14  17  20  20  20  23  24  26  28  29  29  29  30  32  32  33  34 
5   9   9   10  13  16  16  16  19  20  22  24  25  25  25  26  28  28  29  30 
6   7   7   8   11  14  14  14  17  18  20  22  23  23  23  24  26  26  27  28 
0   4   6   7   10  10  11  13  13  13  13  15  16  16  19  19  20  21  22  23 
0   4   6   7   10  10  11  13  13  13  13  15  16  16  19  19  20  21  22  23 
7   11  13  14  14  15  16  17  19  20  20  20  22  22  23  23  26  28  29  30 
5   6   7   7   8   11  11  11  14  14  15  17  17  17  17  17  20  20  26  27 
5   6   7   8   8   12  12  12  12  15  15  18  18  18  18  18  21  21  27  28 
0   9   9   10  11  11  11  14  15  15  18  21  21  21  21  21  24  24  30  31 
5   8   9   14  17  18  20  20  23  24  24  30  30  30  30  30  32  33  39  40 
3   13  16  17  17  23  23  23  23  24  26  28  29  29  32  32  32  33  33  34 
0   10  13  14  14  20  20  20  20  21  23  25  26  26  29  29  29  30  30  31 
1   9   12  13  13  19  19  19  19  20  22  24  25  25  28  28  28  29  29  30 
5   5   9   11  12  15  16  18  18  18  18  20  21  21  24  24  25  26  27  28 
8   12  13  14  15  18  19  19  21  21  21  23  24  24  26  27  27  29  30  31 
13  14  17  18  19  20  20  21  21  25  26  26  26  28  28  29  32  34  35  36 
7   12  13  14  14  14  18  18  18  21  21  24  24  24  24  24  27  27  33  34 
3   8   9   10  10  10  14  14  14  17  17  20  20  20  20  20  23  23  29  30 
4   5   6   13  15  15  15  18  19  19  22  25  25  25  25  25  28  28  34  35 
1   8   10  12  17  19  19  21  23  23  26  29  29  29  29  29  32  32  38  39 
7   17  20  21  21  27  27  27  27  28  30  32  33  33  36  36  36  37  37  38 
4   14  17  18  18  24  24  24  24  25  27  29  30  30  33  33  33  34  34  35 
8   12  16  18  19  22  23  24  25  25  25  27  28  28  31  31  32  33  34  35 
8   8   12  14  15  18  19  20  21  21  21  23  24  24  27  27  28  29  30  31 
11  11  15  17  17  18  21  22  24  24  24  26  27  27  28  30  30  32  33  34 
13  13  15  17  19  20  23  24  26  26  26  26  28  29  29  32  32  34  35  36 
9   19  19  19  20  20  22  25  26  26  29  29  32  32  32  32  35  35  41  42 
0   10  11  11  13  13  17  17  17  20  20  23  23  23  23  23  26  26  32  33 
4   5   6   13  15  15  15  18  19  19  22  25  25  25  25  25  28  28  34  35 
0   9   11  13  18  20  20  22  24  24  27  30  30  30  30  30  33  33  39  40 