7   14  2   5   18  6   15  8   16  3   10  17  12  19  0   9   11  1   4   13 
7   2   5   14  18  6   15  8   16  3   10  17  12  19  0   9   11  1   4   13 
7   2   5   14  6   18  15  16  8   10  3   17  12  19  0   9   11  4   1   13 
7   6   2   5   14  18  16  15  8   10  3   17  12  19  0   9   11  4   1   13 
7   6   2   5   14  16  18  10  15  8   3   12  17  19  9   11  4   0   1   13 
6   16  10  7   3   12  17  15  8   2   5   18  14  19  9   11  4   1   0   13 
6   16  10  7   3   12  17  15  8   2   5   18  14  19  9   4   11  1   0   13 
16  6   12  10  7   3   4   17  19  15  9   8   14  5   2   18  11  1   0   13 
16  6   12  10  3   4   7   17  19  15  9   8   11  14  5   2   1   18  0   13 
16  12  6   4   10  3   17  19  15  7   9   8   1   11  5   2   18  0   14  13 
14  7   2   5   18  15  8   6   3   17  10  16  19  0   9   12  11  1   4   13 
7   2   5   14  18  15  8   6   3   17  10  16  19  0   9   12  11  1   4   13 
7   2   5   14  18  6   15  8   16  3   10  17  19  12  0   9   11  1   4   13 
7   2   5   14  6   18  10  15  8   3   16  17  12  19  9   11  0   4   1   13 
6   7   10  16  3   15  8   18  17  2   5   12  14  19  9   11  4   1   0   13 
6   10  16  3   7   17  15  8   12  18  19  2   5   9   11  14  4   1   0   13 
6   16  10  12  7   3   17  15  8   4   18  19  2   5   14  9   11  1   0   13 
16  6   12  10  3   4   7   17  19  15  9   8   11  14  5   2   1   18  0   13 
16  6   12  10  3   4   7   17  19  15  9   8   11  14  5   2   1   18  0   13 
16  12  6   4   10  3   17  19  15  7   9   8   1   11  5   2   18  0   14  13 
2   5   18  15  7   8   14  3   17  10  19  6   0   9   11  12  16  1   4   13 
2   5   18  7   15  14  8   3   17  10  6   19  0   16  9   11  12  1   4   13 
2   5   18  7   15  14  8   3   10  17  6   19  16  9   12  0   11  1   4   13 
10  15  6   8   3   18  17  2   5   16  7   12  19  14  9   11  0   4   1   13 
10  6   3   15  8   18  17  2   5   16  12  7   19  9   14  11  4   1   0   13 
10  6   3   17  15  16  8   12  18  19  2   5   9   7   11  14  4   1   0   13 
10  12  6   3   16  17  15  8   4   18  19  2   5   9   7   11  14  1   0   13 
12  10  16  3   4   17  6   19  15  9   8   11  1   5   2   18  0   13  7   14 
12  16  4   10  3   17  6   19  15  9   8   1   11  5   2   18  0   7   13  14 
12  16  4   10  3   17  6   19  15  9   8   1   11  5   2   18  0   7   13  14 
2   5   18  15  8   7   14  3   17  19  0   10  6   9   11  12  1   16  4   13 
18  2   5   15  8   7   3   14  17  10  19  0   6   9   12  11  1   16  4   13 
18  2   5   15  7   8   3   10  14  17  6   19  16  9   12  0   11  1   4   13 
10  15  8   3   18  6   17  2   5   7   19  16  12  14  9   11  0   1   4   13 
3   10  17  6   15  8   19  18  16  12  9   5   2   11  0   7   1   14  4   13 
10  3   6   17  15  19  16  12  8   18  9   5   2   11  7   1   0   14  4   13 
3   17  10  15  19  8   9   11  12  5   18  2   6   1   0   4   16  13  7   14 
3   17  19  15  12  8   9   11  5   18  10  2   1   4   16  0   6   13  7   14 
3   12  17  19  15  8   9   4   11  10  16  5   18  2   1   0   6   13  7   14 
12  16  4   10  3   17  6   19  15  9   8   1   11  5   2   18  0   7   13  14 
15  8   2   3   5   18  17  19  0   7   9   10  14  11  12  6   1   4   16  13 
15  8   2   3   5   18  17  19  0   7   9   10  14  11  12  6   1   4   16  13 
15  8   3   17  2   5   18  19  9   10  0   11  12  7   14  6   1   4   16  13 
15  8   3   17  2   5   18  19  9   10  11  12  0   6   7   14  1   4   16  13 
3   17  15  8   19  9   18  2   5   11  12  10  0   1   6   4   16  13  7   14 
3   17  15  19  8   9   11  12  18  10  2   5   1   0   6   4   16  13  7   14 
3   17  15  19  8   9   11  12  18  10  2   5   1   0   6   4   16  13  7   14 
3   17  19  15  8   9   11  12  18  10  2   1   5   0   6   4   16  13  7   14 
3   12  17  4   19  15  8   9   11  10  16  18  5   2   1   0   6   13  7   14 
4   12  1   3   16  10  17  9   15  19  8   6   11  5   2   18  13  0   7   14 
15  8   2   3   5   18  17  19  0   7   9   10  14  11  12  6   1   4   16  13 
8   15  17  2   3   5   18  0   19  9   7   10  11  14  12  6   1   4   13  16 
8   15  17  2   3   5   18  0   19  9   7   10  11  14  12  6   1   4   13  16 
17  8   3   15  19  2   5   18  9   0   11  12  10  1   6   4   7   13  14  16 
17  3   15  8   19  9   11  18  2   5   0   12  10  1   6   4   13  16  7   14 
19  3   17  15  9   8   11  12  1   5   18  10  2   0   4   6   13  16  7   14 
19  3   17  9   11  15  8   1   12  4   5   18  10  2   13  0   6   16  7   14 
3   19  9   17  11  15  8   1   12  4   18  10  2   13  5   0   6   16  7   14 
9   4   3   17  19  1   11  12  8   13  15  5   18  10  2   0   16  6   7   14 
4   1   12  9   3   16  10  17  19  11  13  15  8   6   18  5   2   0   7   14 
15  8   0   2   3   5   18  17  19  7   9   10  14  11  12  6   1   4   16  13 
8   15  0   17  2   3   5   18  19  9   7   10  11  14  12  6   1   4   13  16 
8   15  17  2   3   5   18  0   19  9   7   10  11  14  12  6   1   4   13  16 
17  3   8   15  19  9   0   18  11  2   5   12  10  1   6   4   13  16  7   14 
17  3   15  8   19  9   11  18  2   5   0   12  10  1   6   4   13  16  7   14 
17  3   9   19  11  8   15  1   4   12  5   18  13  2   0   10  6   16  7   14 
3   9   17  19  11  8   15  1   4   12  13  5   18  10  2   0   6   16  7   14 
3   9   17  19  11  8   15  1   4   12  13  5   18  10  2   0   6   16  7   14 
9   3   17  19  1   11  4   8   13  15  12  5   18  10  2   0   6   16  7   14 
1   4   9   13  3   17  19  11  12  8   15  18  10  5   2   0   16  6   7   14 
0   17  8   15  3   2   5   18  19  9   11  12  10  1   7   14  6   4   13  16 
0   17  8   15  3   2   5   18  19  9   11  12  10  1   7   14  6   4   13  16 
0   17  8   15  3   2   5   18  19  9   11  12  10  1   7   14  6   4   13  16 
17  3   8   15  0   19  9   18  11  2   5   12  10  1   6   4   13  16  7   14 
17  3   8   15  0   19  9   18  11  2   5   12  10  1   6   4   13  16  7   14 
17  3   8   9   15  19  11  0   1   18  2   5   4   12  10  13  6   16  7   14 
3   9   17  19  11  8   15  1   4   12  13  5   18  10  2   0   6   16  7   14 
11  3   9   17  19  8   13  15  1   12  4   5   18  10  2   0   6   16  7   14 
9   13  3   11  17  19  1   4   8   15  12  18  10  2   5   0   6   16  7   14 
1   13  9   4   11  3   17  19  12  8   15  18  10  5   2   0   16  6   7   14 
0   17  8   15  3   18  19  5   2   9   11  12  10  1   7   4   6   13  14  16 
0   17  8   15  3   18  19  5   2   9   11  12  10  1   7   4   6   13  14  16 
0   17  8   15  3   18  19  5   2   9   11  12  10  1   7   4   6   13  14  16 
0   17  3   8   15  19  9   18  11  2   5   12  10  1   6   4   13  16  7   14 
17  3   0   8   15  19  11  9   18  2   5   12  10  1   13  6   4   16  7   14 
17  11  3   0   8   15  9   13  19  1   5   18  2   4   12  10  6   16  7   14 
11  3   9   17  13  19  8   15  1   4   12  18  10  2   5   0   6   16  7   14 
11  3   9   17  13  19  8   15  1   4   12  18  10  2   5   0   6   16  7   14 
9   13  11  3   17  19  1   4   8   15  12  18  10  2   5   0   6   16  7   14 
13  9   11  1   3   17  19  4   8   15  12  18  10  5   2   0   16  6   7   14 
0   17  8   15  3   18  19  5   2   9   11  12  10  1   7   4   6   13  14  16 
0   17  8   15  3   18  19  5   2   9   11  12  10  1   7   4   6   13  14  16 
0   17  3   8   15  19  9   11  18  2   5   12  10  1   6   4   13  16  7   14 
0   17  3   8   15  19  9   11  18  2   5   12  10  1   6   4   13  16  7   14 
0   17  3   11  8   15  19  9   5   18  2   12  10  1   13  4   6   16  7   14 
0   17  11  3   8   15  19  9   5   18  13  2   12  10  1   4   6   16  7   14 
11  0   17  9   13  3   19  8   15  1   4   12  5   18  10  2   6   16  7   14 
11  9   13  3   17  19  8   15  1   4   12  18  10  2   5   0   6   16  7   14 
9   13  11  3   17  19  1   4   8   15  12  18  10  2   5   0   6   16  7   14 
13  9   11  1   3   17  19  4   8   15  12  18  10  5   2   0   16  6   7   14 
